2,6,-0.033406,-0.06141,-0.015652,-0.015652,-0.037103,-3,1
11,10,-0.075644,-0.057766,0.068376,0.068376,-0.10348,1,1
17,2,0.091507,0.052211,-0.022105,-0.024348,0.11304,8,1
1,7,0.017813,-0.02163,0.10435,0.10435,-0.081643,6,1
4,9,-0.015054,0.092228,-0.096641,-0.096641,0.20049,-12,1
3,12,-0.021172,0.048526,-0.054348,-0.054348,0.063413,-9,1
19,15,-0.048775,0.060921,0.047826,0.047826,0.12988,-12,1
16,22,-0.046975,-0.012891,-0.03,-0.03,-0.11573,-7,1
25,24,0.21273,-0.0064667,0.20243,0.20243,0.098377,48,1
11,26,0.039128,-0.053144,0.00271,0.11282,0.043112,5,1
18,27,-0.023265,0.018723,-0.05458,-0.05458,0.0089888,-8,1
8,29,-0.0097803,0.049967,0.027027,0.027027,-0.042328,-10,1
23,30,0.079093,0.070292,-0.067844,-0.067844,-0.15874,-5,1
13,14,0.020027,-0.047695,0.076023,0.076023,-0.041697,16,1
20,21,-0.045077,0.069542,-0.020274,-0.020274,-0.013221,-21,1
5,28,-0.076283,0.011933,-0.092133,-0.092133,-0.13348,-17,1
22,3,-0.020331,-0.036248,0,0.084348,-0.064066,-5,0
1,4,0.099607,-0.050997,0.23118,-0.030189,-0.18741,-18,0
26,7,-0.01797,0.019326,0.019512,0.037681,-0.11839,5,0
25,12,0.0029412,0.0276,0.090389,0.057692,-0.00065359,18,0
6,17,-0.058101,0.0091992,0.037757,0.04,-0.075935,19,0
29,18,0.079375,0.025338,-0.062328,0.089881,-0.014815,-3,0
10,19,0.21345,0.0037076,-0.19398,0.077778,-0.066297,8,0
2,23,-0.070944,-0.04419,-0.034043,0.12332,0.01706,10,0
14,24,0.074639,0.016482,0.029915,0.096491,0.0077787,2,0
9,30,0.010041,-0.00013124,-0.13208,0.16087,-0.1947,-4,0
27,5,0.033708,-0.061773,0.061678,0.085034,0.011236,10,0
22,6,0.015465,-0.0034486,-0.0012081,-0.088038,-0.036177,21,0
26,8,-0.049091,-0.052103,0.10151,-0.042139,-0.045714,-17,0
7,11,-0.0039165,0.016286,-0.072401,-0.14217,-0.017253,-16,0
24,13,0.012728,0.034966,-0.096225,-0.018742,0.10332,-42,0
10,15,0.1529,0.060835,-0.10952,0.087826,0.030765,-10,0
12,16,0.049752,0.0038134,-0.0026087,0,0.1324,-4,0
25,17,0.010674,-0.032343,0.14423,0.083648,-0.03233,-3,0
9,20,0.061562,-0.10201,-0.07775,0.16148,-0.02248,4,0
23,28,-0.059004,-0.0099651,-0.064426,-0.082609,-0.17271,-34,0
21,29,-0.056188,-0.011676,0.13566,-0.064103,-0.0057665,-9,0
1,3,-0.058926,-0.035758,-0.082703,0.025409,-0.16334,-12,0
19,14,-0.016734,-0.0049792,0.14511,-0.0035425,0.0081675,7,0
18,21,-0.0031555,-0.028448,-0.013725,0.010652,0.062249,2,0
10,7,0.080712,0.02365,0.052119,0.059307,0.027451,30,0
30,8,-0.009977,-0.060634,-0.02777,-0.039132,0.20105,5,0
23,9,-0.044465,0.034016,-0.036166,-0.071305,0.03379,11,0
15,11,-0.026718,-0.0052316,0.0043257,-0.13271,0.044898,8,0
1,16,-0.081385,0.00068871,0.045229,-0.0037313,0.089711,-11,0
4,17,-0.070332,0.032913,-0.0030166,0.12626,0.056102,-9,0
26,24,0.02268,-0.01789,0.1026,-0.028116,-0.16587,-2,0
28,27,0.08772,0.029822,-0.015029,0.014433,0.18304,-4,0
20,2,0.004741,0.047763,0.059847,-0.12078,0.039781,-21,0
5,6,-0.055708,0.020347,-0.034507,-0.071105,-0.097497,-7,0
29,13,0.027987,0.060637,-0.098814,-0.048333,-0.0041462,-18,0
12,18,0.00094893,-0.034007,-0.014928,-0.0034722,-0.0015528,23,0
3,22,-0.013638,0.010891,0.044614,-0.019475,0.088743,-4,0
19,25,0.0026171,0.031491,-0.037661,-0.071215,-0.044274,-10,0
6,3,0.0086428,-0.0056092,-0.05918,0.036862,-0.064748,-5,0
8,4,0.052176,0.024232,0.09632,-0.072901,-0.1175,-17,0
15,7,0.013555,-0.0058304,0.0060672,0.010294,0.13685,-9,0
18,9,0.02193,0.014422,0.0028617,-0.032424,0.059641,-21,0
28,10,-0.063131,-0.01971,-0.01819,-0.012887,0.066983,-5,0
30,14,-0.010564,-0.031907,0.077257,-0.0045254,0.1386,-3,0
27,16,-0.071563,-0.011368,0.10255,0.050381,0.037209,17,0
12,21,0.055429,-0.020971,0.0086183,0.028853,0.050505,-18,0
11,23,0.029369,-0.035183,0.0081975,0.090385,0.028256,1,0
29,24,0.044005,0.0087365,0.0080586,0.023426,-0.11751,-9,0
1,5,-0.027097,-0.0095306,0.024931,0.013449,0.066497,-5,0
7,15,-0.010465,-0.0089036,-0.0087766,-0.019693,-0.097805,-5,0
2,17,-0.043275,-0.012835,0.049457,0.039384,-0.00087933,7,0
13,25,0.01953,-0.014516,-0.052701,-0.022672,-0.09005,1,0
19,26,0.039951,0.032784,-0.036131,-0.0093537,0.10103,8,0
8,1,0.030841,0.031963,0.088764,0.054876,-0.040165,5,0
11,4,0.029236,-0.013778,0.015962,0.0061206,-0.04799,16,0
30,10,-0.11068,-0.037839,-0.0013253,0.046045,0.048058,-3,0
28,14,0.012034,-0.023471,0.078342,-0.032746,0.091348,9,0
21,18,0.002344,0.011336,0.045744,-0.017602,-0.051762,-3,0
3,20,0.062585,-0.019757,-0.0017562,0.025037,0.043661,-21,0
27,22,-0.05543,-0.0046574,0.067959,0.10069,-0.057504,-27,0
21,5,0.050936,0.0035352,0.02967,-0.067726,0.015358,32,0
23,7,0.01529,0.033428,0.01768,0.015188,-0.040313,2,0
9,13,-0.0076138,0.0094666,-0.03879,0.017923,-0.055876,8,0
11,15,0.033373,0.00017959,0.01831,0.078702,-0.10233,-14,0
2,16,-0.033565,0.00023388,0.020809,0.03983,0.081915,6,0
6,19,0.012558,-0.0028383,-0.0044201,0.030607,-0.00052659,-22,0
24,25,-0.015342,0.038073,-0.11983,-0.041993,-0.024586,-7,0
14,29,-0.014377,-0.016516,0.0065572,0.037152,0.015161,-15,0
17,1,0.068996,0.012125,-0.071223,0.034066,0.019806,11,0
8,3,-0.023688,0.010355,0.039987,0.051645,-0.10039,13,0
22,4,0.08728,-0.002451,0.0095238,-0.085101,-0.043024,-7,0
20,6,-0.066756,-0.011223,0.093841,-0.019646,-0.034956,19,0
9,10,-0.079371,-0.032128,0.00083801,0.043735,-0.081502,8,0
27,12,-0.061366,0.0030264,0.038917,0.09186,-0.022072,-3,0
30,26,0.013718,-0.0036848,-0.012931,0.015473,0.10211,27,0
27,2,-0.025101,0.0052023,0.075809,0.024407,-0.03784,-14,0
23,11,-0.017734,0.0070414,0.02566,-0.038159,-0.059384,8,0
10,13,0.088373,0.041098,-0.028765,-0.051977,0.015382,28,0
4,15,-0.0085653,0.0074745,0.029562,0.069669,-0.053721,5,0
18,16,-0.0051162,-0.0036705,0.075931,-0.023165,0.077435,3,0
22,19,0.016749,-0.013445,-0.033835,-0.049758,0.0088547,16,0
8,20,0.018633,-0.0027557,-0.036156,-0.019757,-0.024312,-6,0
28,25,0.010048,0.0076779,-0.077121,-0.046562,-0.0067953,14,0
7,29,-0.026629,-0.055176,-0.0088751,-0.0053044,0.042415,-15,0
24,3,-0.027057,0.019254,-0.047326,0.016312,-0.013277,8,0
26,12,-0.057589,-0.0082123,-0.0026565,-0.013813,-0.064066,-18,0
9,14,0.022483,-0.042128,0.062314,-0.0020781,-0.032512,-20,0
21,17,-0.03309,-0.0029784,0.1246,-0.072356,-0.030522,19,0
26,2,-0.031077,0.0029045,0.0025207,-0.073818,-0.072902,-27,0
17,4,0.048871,0.0066265,-0.078621,-0.030979,-0.027221,-5,0
12,6,0.001187,-0.015293,0.046589,-0.020761,-0.012185,17,0
28,8,0.00011804,-0.010314,-0.025769,0.02444,0.053567,-18,0
7,13,-0.0074254,0.020328,-0.073506,-0.0034247,-0.0191,-21,0
22,15,0.070669,0.010511,0.00738,-0.017326,-0.074856,2,0
5,16,-0.081763,-0.00029112,0.033573,0.00023389,0.011658,-6,0
18,19,-0.015731,-0.012467,0.021594,-0.052733,0.047331,6,0
11,20,0.016478,-0.0056855,-0.091253,0.039869,0.032209,22,0
1,23,-0.039604,-0.021381,-0.036522,-0.041526,0.026403,-10,0
25,29,-0.037996,-0.055469,0.089735,0.054887,0.08459,-9,0
24,30,-0.019018,0.034391,-0.02734,0.031551,-0.0068289,6,0
14,25,0.014041,0.032801,-0.067758,-0.027327,-0.065412,-3,0
10,27,0.13485,0.029328,-0.010789,-0.079979,0.03703,20,0
11,1,0.045435,0.0057895,0.0040943,0.082231,0.033471,15,0
19,7,0.0294,0.010174,0.027964,0.017613,0.0086528,5,0
16,8,0.00077538,0.013085,-0.07192,0.026651,-0.0186,-1,0
17,9,0.041813,0.019216,-0.10668,0.019609,0.058995,-9,0
3,14,-0.0051431,-0.024457,0.039606,-0.01982,0.059629,-12,0
24,20,-0.0018581,-0.0035199,-0.058635,-0.0015182,0.064723,-13,0
2,21,-0.016571,-0.0095031,-0.013699,0.066562,0.04155,7,0
5,22,-0.11648,-0.0017201,0.027205,0.050096,-0.038468,22,0
12,23,0.018292,-0.018788,0.0016572,-0.015262,0.044033,-11,0
4,27,0.045252,0.00055779,-0.066402,-0.0043585,0.049705,-7,0
28,29,-0.0040291,-0.046972,0.030446,0.017412,0.038575,9,0
6,30,0.020155,0.031493,-0.047794,0.028036,-0.023252,8,0
19,5,0.053365,0.00432,0.00011354,-0.021002,0.046417,6,0
10,8,0.083147,0.021814,-0.0048528,-0.029467,0.030517,19,0
26,9,-0.042512,0.011516,-0.02472,-0.061403,-0.0059831,-9,0
15,13,-0.025352,-0.0028358,-0.083551,-0.0098472,0.036143,9,0
7,18,-0.028201,-0.0016242,-0.059092,0.024289,-0.047533,-13,0
1,6,-0.051266,-0.009548,-0.0076923,-0.03403,-0.041338,2,0
29,11,-0.014743,0.027526,-0.0037283,-0.061959,-0.028122,-27,0
16,13,0.011701,0.027681,-0.086928,0.0082269,-0.078492,3,0
15,14,-0.011914,-0.029508,-0.0027467,-0.038227,0.072877,-5,0
4,18,-0.022278,-0.01606,-0.044242,0.061058,0.0084885,-18,0
12,20,0.029565,-0.018096,-0.038127,0.0009291,-0.00092459,-7,0
2,22,-0.042669,-0.01923,0.059975,0.054293,0.030764,16,0
21,25,0.031493,0.012306,-0.012467,-0.069587,-0.076295,-4,0
24,27,0.013477,0.0089146,-0.034965,-0.037158,0.067557,-17,0
30,28,-0.0065631,-0.0054142,0.024315,-0.018849,0.012278,11,0
2,1,0.01583,-0.014482,0.044925,0.068534,0.0087947,3,0
16,10,-0.081197,0.00078718,-0.050017,0.020261,-0.040649,-17,0
3,24,0.011358,-0.013971,-0.012281,-0.01437,0.0021037,6,0
17,6,0.014959,-0.0060452,-0.064459,0.014982,-0.048891,-5,0
3,8,-0.024968,-0.005271,-0.031899,-0.0088697,0.061722,-8,0
19,12,-0.027465,0.015483,-0.012505,0.02297,0.0089864,5,0
4,20,-0.0089859,-0.016695,-0.062393,0.033495,0.040682,-5,0
15,25,0.010034,-0.010343,-0.085267,-0.06711,-0.0043625,1,0
21,26,0.039341,-0.0030232,0.032292,0.030734,0.01863,-8,0
13,27,0.027757,-0.0011138,0.027396,-0.039369,0.051107,-13,0
5,28,-0.066974,0.014187,0.0054819,0.047614,-0.082983,-5,0
23,29,0.016516,-0.0087151,0.044826,0.01747,-0.044664,7,0
7,30,-0.032679,0.015397,-0.061785,0.0079864,-0.057477,14,0
14,2,-0.0055222,0.021428,-0.055829,-0.019595,-0.020312,-11,0
12,9,0.014335,0.0046573,-0.028391,-0.029202,0.031567,-17,0
18,10,-0.061766,-0.0036824,0.0072281,0.018284,0.042624,-24,0
20,22,-0.011628,0.0019696,0.080539,0.0024242,0.011599,-13,0
16,24,0.026228,0.012704,-0.053153,-0.037519,-0.10831,11,0
21,8,-0.007826,0.00044372,-0.013218,-0.0056662,-0.02476,-8,0
6,11,-0.006258,-0.0061385,0.024719,-0.05354,0.011069,-4,0
23,26,0.042723,0.011766,0.034193,0.051899,0.027903,-1,0
19,28,-0.0067043,0.0099302,-0.018366,0.014053,-0.039326,-4,0
14,30,0.0011507,0.024168,-0.038057,0.032279,-0.054085,-16,0
4,2,-0.0037935,-0.0067219,-0.018233,0,-0.0059331,-3,0
12,5,0.064539,-0.011511,-0.00802,-0.056497,0.010794,18,0
1,9,-0.036932,0.013732,-0.068407,-0.039312,0.04634,-7,0
13,21,0.008288,-0.0019381,0.039526,0.0073069,0.075217,-9,0
22,24,0.060429,0.0047752,-0.052925,-0.030814,-0.090085,16,0
3,25,0.0019357,0.0021589,-0.041447,-0.055179,-0.010366,4,0
17,27,0.066896,0.010745,-0.10293,-0.022713,-0.0077837,7,0
16,29,0.039729,0.0037802,-0.011728,0.00018315,-0.032522,10,0
6,7,0.049484,0.0027348,0.012804,-0.05591,0.058461,7,0
22,8,0.026917,0.0049117,-0.066961,0.00049938,-0.0020196,-18,0
23,10,-0.06724,0.0061611,0.0011044,0.045198,-0.024775,-21,0
15,11,-0.046451,-0.027365,-0.051267,-0.067525,0.018598,-15,0
14,17,-0.053649,0.015335,0.051481,0.012032,0.048475,-8,0
13,19,-0.006391,-0.0031494,0.11219,-0.025956,0.048502,-8,0
26,20,-0.05272,-0.0071946,-0.074722,-0.037125,-0.039062,-27,0
18,24,0.030144,0.010707,0.0061501,-0.0015206,-0.0010225,-8,0
5,27,-0.035643,0.00059042,-0.031191,0.019701,-0.036626,-39,0
3,29,0.0073491,-0.023313,0.0079669,-0.0066884,0.0042656,-8,0
1,30,-0.022179,0.0066665,-0.024195,-0.024948,-0.033417,-19,0
28,2,0.024946,-0.00016998,-0.033417,-0.031753,-0.0069764,-1,0
16,9,-0.009484,0.037192,-0.071583,0.0087535,0.021133,-9,0
11,12,0.015131,0.017233,0.008861,0.076047,0.075439,23,0
7,21,-0.020175,0.0085392,-0.051409,0.058328,0.0043438,-13,0
22,10,-0.067386,-0.014966,-0.062706,0.0002751,-0.012463,-10,0
23,13,0.024717,0.023829,-0.036364,0.070489,-0.070847,4,0
15,17,-0.034554,-0.0042248,-0.0057269,-0.024412,0.070169,-7,0
1,19,-0.0073334,0.01157,0.0063258,-0.064895,-0.021689,-1,0
6,20,0.0076945,-0.000168,-0.051856,-0.022582,0.077847,3,0
14,24,1.9833e-05,0.026555,-0.029787,0.025982,-0.02207,7,0
8,25,0.045839,-0.0090476,-0.0027496,-0.05884,-0.046295,-17,0
18,29,0.039105,-0.011375,0.059942,0.0039009,0.02077,11,0
26,30,-0.053436,-0.0080472,-0.040407,-0.027746,-0.059007,-18,0
2,3,0.015308,-0.0054216,0.062545,0.050092,-0.022049,7,0
27,7,0.02179,-0.010205,0.04104,-0.016946,0.011013,6,0
28,11,-0.035981,-0.020386,-0.013046,-0.06503,-0.029063,16,0
26,1,-0.040792,-0.016684,-0.011546,0.014078,0.0010212,-46,0
6,4,0.035331,0.033403,-0.0052262,-0.045629,0.037631,8,0
23,14,0.051427,0.0051432,0.037618,0.028758,-0.025069,6,0
12,15,0.0018751,0.0009998,0.026133,-0.0063551,-0.042881,3,0
30,16,0.025745,-0.014101,0.050235,-0.018068,0.023041,9,0
9,17,-0.014943,-0.0035981,0.082896,-0.0077466,0.0061379,-4,0
27,18,-0.0058685,-0.0071593,-0.022128,0.018811,-0.077465,-12,0
28,19,-0.00049676,-0.016811,0.012629,-0.028344,0.035449,9,0
29,20,-0.067621,0.00233,-0.065114,0.010273,0.055186,-5,0
5,21,-0.054737,0.0024284,-0.031366,0.080952,-0.05303,-13,0
22,25,0.052724,0.00051269,-0.085395,-0.065701,-0.060984,-5,0
10,2,0.10594,0.032065,-0.034592,-0.05024,-0.018419,-4,0
11,24,0.073452,0.01927,-0.0024934,0.074559,0.0093206,26,0
29,3,0.003781,0.0080894,0.019152,0.012959,0.013556,-11,0
4,5,0.040705,-0.013316,0.012417,-0.050759,0.053261,-3,0
13,6,-0.025115,-0.0070528,0.041068,-0.016084,0.0098772,-5,0
18,7,0.019296,-0.01291,0.066291,-0.036932,0.088909,24,0
19,8,0.01741,0.011655,-0.048407,0.035753,-0.021885,-32,0
9,12,-0.0066221,0.00043254,0.091754,0.019732,0.017159,-7,0
24,14,0.0061769,-0.014753,0.0072571,-0.020221,0.017555,9,0
25,26,0.021178,-0.0010717,0.057937,0.069608,0.041437,-4,0
21,27,-0.011737,-0.0056249,-0.00030938,-0.027829,0.043732,-3,0
20,28,-0.0099252,0.012412,0.065689,-0.0094054,-0.040417,-23,0
16,30,-0.03244,0.019677,-0.049209,0.029026,-0.04465,3,0
2,1,-0.060693,-0.031026,0.045078,0.071606,0.053547,11,0
13,4,-0.004577,0.023116,0.045485,-0.041387,0.021215,-15,0
17,7,0.048289,-0.011041,0.0043114,-0.020434,-0.0024099,-32,0
11,15,0.042594,0.017788,0.060896,0.069206,0.065661,22,0
29,22,-0.038382,-0.004812,0.034419,0.043064,0.064215,40,0
10,23,0.041219,-0.00065191,-0.031307,-0.014318,-0.0035652,8,0
26,25,-0.022204,-0.0057558,-0.035222,-0.076009,-0.054997,-12,0
10,3,0.098591,0.017307,0.031327,0.014991,-0.030254,7,0
8,14,0.056254,-0.0069477,0.026118,-0.040557,-0.0017131,-18,0
12,16,0.026523,-0.038214,-0.010101,-0.014442,-0.028714,25,0
9,18,0.00082929,-0.002795,-0.005992,-0.0060043,-0.087928,3,0
5,24,-0.019837,0.0083001,-0.038006,0.079026,-0.057198,-8,0
30,28,-0.044078,0.0060765,0.055628,-0.0051512,0.0033894,-9,0
18,4,0.0067634,0.022324,0.038333,-0.019221,0.021854,-16,0
2,7,-0.0023742,-0.015941,0.054709,0.0062703,0.062795,8,0
6,9,0.0081744,0.0056211,-0.034384,-0.030949,0.078126,28,0
25,15,-0.012676,0.027086,0.025589,0.033384,0.0062737,8,0
30,17,-0.0092035,0.012695,0.028054,-0.023079,0.056261,11,0
21,19,-0.039298,-0.024447,0.044371,-0.00013901,0.029292,-7,0
13,20,-0.026424,-0.0085239,-0.013947,0.0048279,0.04523,-22,0
12,22,0.027592,-0.027075,0.018475,0.010033,-0.024681,8,0
29,23,-0.058273,-0.021632,-0.038009,0.010856,0.041663,-21,0
8,26,0.079232,0.013782,0.090901,0.022079,0.063572,16,0
1,27,0.022542,0.025894,-0.035402,-0.029021,-0.0085291,-11,0
5,14,-0.020582,-0.013677,-0.043425,0.037544,-0.064264,-9,0
13,1,-0.045667,-0.014837,0.02996,0.034343,0.066301,13,0
30,4,0.025787,0.034885,0.0041671,-0.027807,-0.020185,-5,0
3,6,-0.060436,-0.0091565,-0.048967,0.033029,-0.020272,-10,0
8,11,-0.019809,0.0011871,0.040107,-0.033774,-0.073392,-30,0
7,15,-0.012995,0.0087646,-0.0044718,0.060386,-0.032957,1,0
2,16,-0.016418,-0.024887,0.023425,0.045096,0.055876,-6,0
22,18,0.002522,0.019332,-0.068965,-0.032144,-0.063235,-6,0
27,19,-0.015983,-0.0078861,0.059804,0.020715,-0.0097806,-17,0
28,20,0.051104,-0.007959,-0.075353,-0.0065937,0.034201,-8,0
10,21,0.083525,0.016063,-0.029167,0.024764,-0.029547,-17,0
25,23,-0.045786,-0.005319,-0.0079523,0.032514,0.015826,-20,0
17,24,0.029714,0.0013195,-0.037985,0.0030132,-0.020838,6,0
14,26,0.013975,0.0097387,0.062236,0.04798,0.046561,-11,0
5,29,0.0001862,-0.0088633,-0.011378,0.030465,-0.089898,-30,0
20,1,-0.02301,-0.021423,0.065905,0.018615,0.042968,-12,0
22,2,0.031099,0.012057,-0.030438,-0.079061,-0.070442,-15,0
25,3,-0.011555,0.018285,0.058447,0.024895,-0.0049199,2,0
4,6,-0.03962,-0.018655,-0.012114,0.036432,0.0043901,-1,0
15,8,-0.023422,-0.020556,-0.10873,-0.0026826,-0.0087694,-12,0
5,10,-0.0839,-0.022758,0.019734,0.017135,-0.043285,-49,0
28,12,0.038525,0.017428,0.0075331,-0.0099074,0.060803,-3,0
16,18,0.00028179,0.038246,-0.031806,-0.011959,-0.078763,12,0
9,21,0.029527,0.012822,0.016637,0.025831,-0.052237,1,0
19,24,0.059316,0.0042633,-0.055504,0.01896,0.0054033,24,0
28,1,0.014838,-0.010553,-0.037048,0.010872,0.067824,34,0
27,4,0.034744,0.027244,0.0067073,-0.023371,-0.066328,20,0
21,7,0.006633,-0.0010722,0.064172,-0.054132,0.044447,-16,0
19,10,-0.0093508,-5.6755e-05,0.013912,-0.032059,0.0014046,-15,0
20,11,-0.057081,-0.0050448,0.023869,-0.037824,-0.082018,-15,0
2,12,-0.048982,-0.00072761,0.023157,0.044874,0.070491,10,0
22,23,-0.018148,-0.018705,-0.051028,-0.042479,-0.015411,-19,0
13,26,0.016562,0.010031,0.053198,-0.012212,0.060107,2,0
17,29,0.027754,-0.0027602,0.010697,-0.054486,-0.038766,-13,0
25,30,-0.036386,0.0010398,0.02855,0.035232,-0.0051666,3,0
16,5,0.043342,0.022354,0.0093812,-0.026942,0.047986,7,0
3,15,0.00024046,-0.0024864,0.024518,0.030804,0.015029,10,0
24,18,-0.012523,0.0251,0.006493,-0.032036,-0.062534,-11,0
9,2,0.037423,0.018301,0.03733,-0.010581,-0.056209,10,0
26,10,-0.070467,-0.0091644,0.0072732,-0.024172,-0.057884,4,0
3,11,-0.062775,-0.0043169,-0.032181,-0.024635,-0.063375,-14,0
22,12,-0.0080449,0.0023683,-0.014534,-0.039104,0.013695,-12,0
14,13,-0.019634,-0.0018152,0.010089,0.010207,-0.0058419,-5,0
25,20,-0.03565,-0.0082834,-0.023793,0.037308,0.01733,12,0
6,23,0.0081242,-0.020194,-0.025321,-0.04089,0.033971,22,0
7,27,-0.031325,-0.0061612,-0.067108,0.046101,-0.024425,-7,0
24,5,0.029264,0.01277,0.060797,-0.080843,0.03072,5,0
16,6,-0.041325,0.015281,-0.022149,0.064658,-0.038885,-11,0
30,18,0.021864,0.033126,-0.055161,-0.0094443,-0.022731,3,0
17,26,0.026265,0.0020414,0.0016182,-0.016988,0.030041,25,0
8,29,0.031991,0.031171,0.10359,0.0030275,-0.00072124,-29,0
3,7,0.022565,0.012227,0.042992,-0.054009,0.034538,5,0
24,9,-0.035449,-0.00013283,0.013138,-0.050797,-0.00019724,-24,0
12,11,-0.041826,-0.011476,-0.043413,-0.014673,-0.076839,-21,0
10,14,0.077359,-0.00040176,-0.056779,0.025179,0.0059683,4,0
18,19,-0.059473,-0.044491,0.057038,-0.0020836,0.03218,18,0
16,20,0.016295,-0.0034389,-0.07403,0.035276,0.0098119,-29,0
21,22,-0.031559,-0.0023958,0.042336,0.021826,0.030582,-13,0
30,23,0.0087494,-0.01333,-0.043005,-0.029574,-0.011086,-5,0
15,27,-0.032754,0.0043139,-0.054844,-0.036278,0.0014843,-9,0
4,28,-0.088868,-0.027791,0.030725,0.040802,0.040376,-13,0
6,1,0.016765,-0.018703,-0.027262,0.0046502,0.073086,7,0
23,2,0.0015231,0.0088561,0.086666,-0.0082696,0.0012233,-11,0
5,8,-0.065069,-0.037945,-0.12371,0.01759,-0.072124,-1,0
29,13,0.010812,-0.021703,-0.016716,0.025429,-0.019567,19,0
17,25,0.031741,-0.0090733,-0.019692,-0.0372,-0.0043011,12,0
26,5,0.0029386,0.012205,0.039116,-0.011803,0.028679,1,0
27,15,0.025753,-0.013049,0.030381,0.032505,0.00058502,16,0
4,16,-0.0089872,-0.028931,0.057361,-0.00098493,0.089355,-5,0
18,21,0.035578,-0.015787,-0.0015435,-0.006421,0.0023419,-4,0
10,22,0.03807,0.013831,0.019862,0.05182,0.028429,21,0
12,28,-0.028244,-0.00016738,-0.007497,0.017632,-0.0067795,-5,0
19,29,0.0019009,0.031265,-0.013964,-0.0064325,0.016324,-6,0
9,30,0.028441,0.018244,0.037236,0.041962,-0.040815,-18,0
24,2,-0.028407,0.0088249,0.061175,-0.042956,-0.044184,-5,0
1,3,0.0099854,0.025478,0.0091089,-0.064506,-0.047421,12,0
15,6,-0.061957,0.015456,-0.016627,0.0006015,-0.035768,-5,0
13,7,0.01998,0.025103,0.055181,-0.062069,0.053502,-26,0
14,8,-0.031033,-0.012764,-0.077947,-0.023963,-0.01856,-15,0
26,17,-0.015199,0.011886,0.021265,0.034896,-0.056368,-5,0
9,23,0.019343,0.00078846,-0.049443,-0.029098,-0.051397,-5,0
19,25,0.062933,0.0080549,-0.018651,-0.026495,-0.03919,7,0
11,14,0.061192,-0.0015706,0.01531,0.043517,0.083356,23,0
10,16,0.047847,-0.0021675,0.030808,-0.004054,0.012389,28,0
13,18,-0.021192,0.031668,-0.058063,-0.0012315,0.0046326,-6,0
22,20,0.0095348,-0.011984,-0.058285,-0.044539,-0.029651,5,0
27,21,0.030435,-0.0012465,-0.03948,0.0080819,-0.017652,-3,0
3,1,-0.0056666,-0.010297,-0.0069365,0.045535,0.055741,20,0
17,2,-0.026882,-0.0096007,0.018548,-0.019951,0.018889,-11,0
6,5,0.081828,0.01343,0.013944,-0.034817,0.082402,22,0
22,4,0.030305,0.0079955,-0.016345,-0.057494,-0.090849,-10,0
8,7,0.0225,0.016545,0.12091,-0.03266,0.043639,-17,0
20,12,-0.036573,0.020179,0.040774,0.018675,0.012465,-18,0
18,15,0.025414,-0.029096,0.066504,-0.025265,0.040341,-3,0
10,19,0.011494,-0.0035979,0.016615,0.016381,0.013558,10,0
24,23,-0.013793,-0.0047848,-0.02587,-0.025456,-0.071043,14,0
9,27,0.027118,0.01064,-0.0025487,-0.023119,-0.050867,-3,0
30,29,-0.053619,-0.0010011,0.0088447,-0.02033,0.031105,-47,0
29,21,0.086648,-0.021316,-0.051232,-0.030847,-0.034159,-6,0
30,25,-0.0060619,-0.010406,-0.0052815,-0.059377,0.0073377,14,0
24,28,-0.073866,-0.00026672,0.064519,0.011261,-0.010123,-13,0
7,2,-0.029748,-0.012635,-0.0076407,0.02094,-0.048717,-7,0
10,4,0.094128,0.01476,-0.022049,-0.037459,-0.091304,14,0
26,6,-0.072728,0.017302,0.03105,0.016837,-0.060465,-6,0
5,12,-0.059699,-0.01453,-0.034287,0.044851,-0.049352,-2,0
18,13,-0.0017407,-0.03775,0.047966,0.023674,0.018198,6,0
9,17,-0.0025102,0.021329,0.02242,-0.0010321,-0.069324,-4,0
8,19,-0.034766,0.0035684,0.098123,0.013582,0.036573,-9,0
15,20,-0.0049653,-0.0010462,-0.064061,-0.0091187,0.0029393,-11,0
1,22,0.01284,0.0076091,0.027384,0.00065835,-0.027839,-4,0
16,27,0.007316,0.009681,-0.035899,0.017594,-0.034722,-12,0
21,3,-0.059051,-0.0012032,0.053209,0.014657,0.018249,-5,0
14,23,0.0087336,0.004816,-0.054736,-0.018613,-0.047397,3,0
30,24,-0.019954,-0.026287,-0.052521,-0.0040106,-0.0074319,10,0
11,29,0.0020829,0.017598,0.013179,0.01967,0.061876,11,0
5,4,0.0024687,-0.0024547,-0.039353,-0.018383,-0.14854,8,0
10,9,0.057017,0.002737,-0.0027166,0.027669,0.017879,4,0
6,12,0.041901,-0.0061137,-0.064603,0.0047619,0.045988,-4,0
28,15,0.090414,-0.017151,0.037022,-0.0048651,-0.017471,9,0
7,17,0.00084246,-0.0084264,-0.019855,0.070216,-0.079151,-7,0
26,19,-0.042947,-0.00049659,0.012237,0.024458,-0.026379,7,0
8,22,0.0076907,0.001301,0.086667,0.037314,0.030525,14,0
2,27,0.042161,-0.0022236,-0.040656,0.00071474,-0.017136,-3,0
22,1,-0.0059192,-0.014897,-0.019523,0.0090771,0.018544,-7,0
16,3,-0.0067897,0.0092104,-0.053983,0.0042904,-0.023324,12,0
20,5,0.021081,0.030878,0.068617,-0.0052172,0.051851,-2,0
14,4,0.043379,0.019061,0.016329,-0.06422,-0.089674,11,0
23,6,-0.080353,0.019217,0.13441,0.019963,0.0026308,-7,0
30,13,-0.017964,-0.033587,-0.011359,0.013303,0.0052378,-1,0
21,15,-0.026633,-0.01498,0.1095,0.041171,-0.028424,1,0
29,17,0.047163,-0.0020345,0.025225,0.012886,-0.081901,-17,0
27,24,0.015307,-0.0097841,-0.044099,0.020341,-0.0017926,3,0
11,25,0.091843,0.0066815,0.018754,-0.0030303,0.019055,7,0
2,9,0.0375,-0.0077535,-0.02986,0.007455,0.015487,10,0
8,12,-0.031164,0.0053067,0.051508,0.015586,0.034558,-10,0
7,18,0.011612,0.0074098,-0.10603,0.055897,-0.052591,-5,0
23,19,-0.051815,0.0074215,0.10166,0.012902,0.027106,-7,0
1,20,-0.0055515,-0.019978,-0.033957,-0.066744,-0.0095599,-4,0
28,26,0.045304,-0.0089092,0.022352,-0.039401,0.026182,15,0
2,5,0.060791,0.0057297,0.0073063,-0.063874,0.040754,-23,0
25,10,-0.072373,-0.010975,0.0010591,0.047086,0.012304,-7,0
19,11,-0.016221,-0.0016573,-0.030162,-0.038726,-0.070574,-7,0
28,13,0.030862,-0.020954,0.026077,0.049643,-0.041505,-5,0
16,15,0.01982,-0.015342,-0.028751,0.018921,-0.025166,25,0
4,21,-0.0080097,-0.016633,-0.054623,0.01464,0.073011,13,0
30,3,-0.012307,-0.03029,-0.01367,-0.024736,0.0021146,-5,0
1,6,-0.061726,0.012012,0.060573,-0.023937,-0.031603,-9,0
27,7,-0.0070508,0.01784,0.079914,-0.020178,0.056497,-6,0
8,9,0.0054879,0.0042899,0.07192,0.030482,0.014664,19,0
23,18,-0.036135,0.027465,0.051002,0.02575,-0.00060597,6,0
14,20,0.0059896,-0.0034534,-0.0018051,-0.043312,-0.014881,-4,0
24,26,-0.041667,-0.0084643,0.057072,-0.054641,0.077701,-7,0
8,2,-0.040511,0.006264,0.064873,0.024342,0.018794,-6,0
29,5,0.051507,0.0089297,0.0055933,-0.048503,0.053776,-3,0
4,11,-0.1219,-0.013065,0.029759,0.025789,0.0062878,-12,0
21,12,-0.061541,0.0125,0.078687,0.052275,-0.0019036,5,0
25,16,-0.057829,-0.020115,0.051461,0.011695,0.033424,7,0
17,19,-0.043663,-0.022002,-0.010779,-0.0080575,0.09547,-7,0
13,22,0.0043508,0.015095,0.015839,-0.0038263,0.038299,11,0
28,24,0.039456,-0.0068935,-0.020769,0.033599,-0.027231,6,0
15,30,0.016641,0.050575,-0.014155,-0.0030323,-0.0020465,-6,0
9,1,-0.022713,0.00059156,-0.01397,0.0052186,-0.0021306,14,0
20,3,-0.0036881,0.0059049,0.0045775,0.0054819,-0.016463,7,0
14,6,-0.063591,0.012229,0.084853,-0.015547,-0.032128,-9,0
7,10,-0.058493,-0.026715,-0.052144,0.028789,-0.032483,-15,0
26,18,0.011914,0.027558,-0.048834,0.040091,-0.052457,-23,0
29,2,0.0052429,-0.012331,0.0074262,0.032139,0.0071591,12,0
16,4,0.087399,0.022197,-0.061784,-0.035306,-0.050768,6,0
19,8,0.065413,0.011884,-0.090191,-0.026134,-0.024762,-6,0
27,11,-0.066785,-0.0037336,0.045596,-0.017043,0.009037,-15,0
9,12,-0.042542,0.001179,-0.0055128,0.033614,0.031389,6,0
1,15,0.021918,-0.016475,0.0037309,-0.048681,-0.0024004,-2,0
5,17,-0.02213,-0.0058426,-0.024479,0.07151,-0.11184,6,0
25,22,-0.013083,-0.0064331,0.0064162,0.028929,0.026965,7,0
21,23,-0.032889,-0.013974,-0.0065809,0.012943,-0.071184,2,0
3,28,-0.022224,0.020443,0.012029,-0.0083343,0.0093607,-33,0
13,30,0.037733,0.021092,0.0067938,-0.0024272,0.013135,-9,0
25,4,0.048577,-0.0079136,-0.034018,-0.02285,-0.033919,2,0
29,6,-0.016109,0.0025158,0.016688,0.03621,-0.027616,-9,0
17,11,-0.043168,-0.0097156,0.0019559,-0.03615,0.051176,-4,0
2,15,0.040351,-0.026333,-0.043569,-0.0577,-0.011544,9,0
13,16,-0.043186,-0.012833,0.063846,-0.031424,0.035687,-5,0
24,18,-0.025524,0.0076072,-0.027612,-0.00020608,0.0145,2,0
21,20,-0.042431,-0.0053972,0.062912,0.010603,-0.0060673,-15,0
7,27,0.011528,-0.017407,-0.072363,0.0097715,-0.031867,-2,0
12,3,0.024617,-0.030164,0.015114,-0.038155,-0.051636,12,0
22,9,0.020846,0.0030584,-0.036309,0.020896,-0.014958,-4,0
26,28,-0.025123,0.02914,0.006049,0.0026281,-0.031727,-15,0
6,30,0.10306,0.017193,-0.04137,0.0080848,0.010432,7,0
16,1,0.019846,-0.0036366,-0.030346,0.050612,-0.035208,-6,0
23,5,-0.029238,0.046632,0.10724,-0.040797,0.085732,-2,0
20,4,0.063127,0.021468,0.032235,-0.055191,-0.033945,-18,0
24,7,-0.025504,0.028672,0.093886,-0.0090999,0.084104,6,0
29,11,-0.016217,0.012398,0.023959,-0.023181,-0.05363,-21,0
2,12,0.0035617,0.0080072,-0.044134,0.0074323,0.022348,1,0
10,14,0.074999,-0.003154,-0.053091,0.0074013,0.010038,2,0
25,18,-0.011102,0.017051,-0.071194,0.054016,-0.023462,-1,0
8,21,0.043641,-0.0060024,-0.060864,-0.024116,0.0019443,-1,0
13,27,-0.013343,0.0060298,-0.01343,-0.0083602,0.017107,-18,0
6,17,0.052072,0.015159,-0.020346,-0.0065193,-0.072602,-3,0
26,23,0.010844,-0.020229,-0.056237,0.0055975,-0.09282,6,0
19,30,0.10766,0.031006,-0.03891,-0.024123,-0.03564,-10,0
12,1,0.00090798,-0.017382,0.019327,-0.0022308,-0.04659,10,0
16,2,-0.012694,0.01044,-0.0072306,0.020159,0.019195,1,0
26,3,0.0099971,-0.0085659,0.0062091,0.003216,-0.064109,5,0
22,5,-0.016023,0.020842,-0.0023217,-0.033869,-0.0026944,-18,0
28,4,0.078167,-0.01481,0.010722,-0.034213,-0.018443,18,0
9,7,-0.03733,0.016832,0.067139,-0.03429,0.010137,-17,0
18,8,-0.0016388,-0.008577,-0.015691,-0.046169,0.044862,8,0
15,10,-0.080619,0.010042,0.0023292,0.0064583,0.025571,-13,0
14,11,-0.069966,0.014255,0.049747,-0.059248,-0.072909,6,0
24,13,0.011379,0.0030405,0.011249,0.0039253,0.065922,-13,0
29,21,0.07036,-0.0041229,-0.10654,-0.0062742,0.0048148,-28,0
27,25,-0.0057013,-0.00083405,0.067685,-0.0053577,0.018469,2,0
5,6,-0.0589,-0.009924,0.041969,0.060815,-0.029056,-3,0
2,20,0.0082646,-0.0093185,-0.059308,0.01795,-0.0282,-9,0
28,23,0.030192,-0.059365,-0.035341,0.025635,-0.015772,5,0
15,24,0.005361,0.024299,-0.017296,-0.0072879,-0.0451,-2,0
27,29,-0.012273,0.0058569,0.059667,-0.0099588,-0.021913,-11,0
30,3,0.0011293,-0.024424,0.010583,0.045755,-0.045712,-35,0
20,9,0.038797,0.018436,0.01732,-0.018689,0.0064887,-3,0
14,10,-0.063326,-0.0093742,0.032812,-0.011574,0.0034109,-7,0
13,11,-0.08713,-0.0040233,0.016063,-0.036015,-0.081057,10,0
7,16,-0.019046,-0.032704,-0.019994,0.0075093,-0.025388,-12,0
4,17,-0.068977,0.0018448,0.016457,0.062673,-0.055065,-5,0
1,21,0.034991,0.004108,-0.072442,-0.034256,0.040829,-3,0
19,22,0.096837,0.016377,0.0006221,-0.033395,0.02211,14,0
8,25,0.0236,-0.00022479,0.065625,-0.010728,0.016843,17,0
7,1,0.0055752,-0.037544,-0.078374,0.063731,-0.063118,-5,0
5,2,0.016058,-0.012567,0.012112,0.071904,1.3967e-05,-25,0
17,4,0.060468,-0.00053862,-0.0071887,-0.051946,0.084537,-5,0
8,10,-0.039575,-0.0077751,0.060677,0.040559,-0.031423,15,0
3,12,-0.025636,0.030031,-0.014678,0.027627,0.036614,-4,0
25,14,0.0028537,-0.012179,-0.070028,0.0035205,-0.040548,3,0
13,15,0.021912,-0.028012,-0.028498,0.037594,-0.010816,-3,0
19,16,0.024655,0.014376,0.036114,-0.041374,0.0082044,15,0
18,24,0.028266,-0.023897,-0.0052154,-0.019345,-0.045174,9,0
27,26,-0.004012,0.0024765,0.015368,0.048663,0.023336,9,0
23,28,-0.01155,0.052363,0.02063,-0.034617,-0.0159,-16,0
21,29,-0.026727,-0.010868,0.1073,-0.0096852,-0.014255,14,0
22,30,-0.0034562,0.012873,-0.026194,0.0090148,0.013825,-27,0
30,2,-0.0083281,-0.0044173,0.036279,0.064069,-0.0066851,8,0
6,10,0.038004,-0.01485,-0.045367,0.0049775,-0.0002821,-7,0
18,14,0.013295,-0.033673,-0.020211,-0.021188,0.044253,17,0
23,20,0.0031958,0.03384,-0.016447,0.012089,0.0073856,7,0
11,21,0.074903,0.0085708,-0.097286,0.015364,0.1012,-5,0
28,7,-0.00042724,0.014251,0.10105,-0.013576,0.086493,-5,0
29,8,-0.027414,-0.006131,-0.095725,-0.0045344,0.042788,-24,0
12,9,0.06526,-0.0015057,-0.016097,-0.045744,0.010027,-24,0
26,13,0.014261,0.019195,0.018295,-0.031494,-0.055193,-27,0
22,16,-0.072415,-0.004492,-0.012071,-0.02079,-0.022058,-18,0
5,17,0.00012965,0.014619,-0.0031489,0.052293,-0.079184,9,0
15,24,-0.0019318,0.0089532,0.034539,-0.0029497,-0.070251,-2,0
3,27,-0.019365,0.0055666,-0.0048004,-0.025192,0.061676,-12,0
30,1,-0.032607,-0.02279,0.0080998,0.052865,-0.045721,-14,0
20,5,-0.01621,0.0242,0.064255,-0.096601,0.024775,-5,0
2,4,0.041801,0.0098989,-0.039821,-0.083808,-0.053576,11,0
29,10,-0.038153,-0.015363,-0.037494,0.050949,0.015475,-25,0
7,12,-0.0064452,-0.0033442,-0.059354,0.073564,-0.03273,4,0
15,14,-0.021007,0.0047189,0.012692,-0.010953,0.016715,10,0
8,18,0.0084696,0.03463,0.043267,0.042886,-0.045983,-3,0
3,19,-0.092726,-0.026099,0.018468,0.028909,0.013046,-15,0
28,21,-0.010338,-0.0069335,-0.046806,-0.0041057,0.060048,-17,0
6,26,0.05198,0.0013083,-0.032854,0.0029522,0.08086,-14,0
11,2,0.027831,-0.00076389,0.041354,0.073682,0.12708,-1,0
18,17,0.0076543,-0.0048102,0.024616,-0.018684,-0.033,-6,0
9,22,0.0055874,-0.011719,0.073256,0.0094788,0.0090638,-13,0
23,25,0.01574,0.045241,0.059524,-0.0059809,0.065675,-4,0
20,27,-0.022447,-0.0039921,0.023541,-0.055414,0.012843,-12,0
12,5,0.010767,0.0050179,0.020367,-0.091614,0.018298,-12,0
4,10,-0.053755,-0.027853,0.0232,0.080276,0.039738,11,0
13,14,0.0205,-0.001659,-0.073309,0.016204,0.029816,15,0
3,16,-0.043233,-0.0012445,0.032132,-0.020547,0.014081,24,0
7,19,-0.066236,-0.037912,-0.044362,0.059454,-0.064571,8,0
17,21,0.0088895,-0.01069,-0.10004,-0.0059747,0.048971,2,0
24,26,-0.033283,0.0065268,0.010694,-0.0020325,0.13245,10,0
1,28,0.04797,0.017871,-0.0082699,-0.0086817,-0.013846,-13,0
11,30,0.047283,0.0061451,-0.014099,-0.00070962,0.12641,-18,0
25,1,-0.024057,-0.012671,-0.045604,0.026711,-0.046452,-15,0
23,8,-0.015051,0.029723,-0.044806,-0.042295,0.025752,5,0
27,9,0.037732,0.0065385,-0.022346,-0.00039567,0.0086507,-14,0
15,10,-0.059918,-0.016958,0.040862,4.9176e-05,0.036978,-13,0
20,19,-0.093312,-0.020086,0.071081,-0.006817,-0.021468,2,0
16,22,0.043654,0.0026128,0.025845,0.032432,0.027356,6,0
6,29,0.069414,-0.0015391,0.010809,-0.04118,0.0073246,-3,0
3,2,-0.030862,0.0063786,0.070995,0.055393,0.031252,-3,0
14,11,-0.047085,-0.0048156,0.065549,-0.028265,-0.093809,-6,0
18,12,0.0074252,-0.0094614,0.0074428,0.018937,0.030714,17,0
4,13,-0.028628,-0.0050218,0.021889,0.033313,0.025829,-8,0
7,21,0.011005,-0.01303,-0.1352,0.025672,-0.031425,3,0
23,24,0.03424,0.034015,-0.017233,0.0003825,-0.059058,13,0
15,26,-0.027548,0.0013825,0.035289,0.024387,0.082924,18,0
5,30,0.015239,-0.0097992,-0.024704,0.039275,0.0065969,-4,0
22,3,-0.010375,0.001855,-0.059033,-0.025723,-0.02449,-3,0
25,5,-0.028776,0.016036,0.0051257,-0.062246,0.00096514,4,0
14,18,-0.033599,0.022184,0.053366,0.0052273,-0.032621,-18,0
17,28,0.041,0.00090912,-0.0432,0.019454,-0.010762,-4,0
25,6,-0.058616,-0.0013529,0.0042041,-0.022278,-0.053774,-17,0
15,13,-0.026224,-0.0010934,0.04244,-0.017691,0.0021048,-8,0
27,20,0.026152,0.010378,-0.054945,0.053472,-0.0094098,9,0
1,24,0.043217,0.0015332,-0.0063312,-0.032415,-0.057623,-1,0
4,26,-0.03632,0.0031538,0.026486,0.090459,0.086361,20,0
6,2,0.024083,-0.0097909,0.027505,0.0061098,0.050238,-14,0
18,3,0.036587,-0.0211,-0.011861,-0.046423,0.040485,-1,0
28,5,-0.012655,-0.0040533,0.048151,-0.054976,0.056729,9,0
10,7,-0.0042319,0.029528,0.061609,-0.062697,0.043981,3,0
24,8,-0.03103,0.0073726,-0.0075203,-0.059807,0.07489,-23,0
21,14,0.036029,-0.004437,0.018628,0.036771,-0.017209,37,0
9,16,-0.03396,-0.005852,0.0033716,-0.016445,-0.020477,-7,0
12,17,-0.019072,0.006928,0.016661,-0.029039,-0.03323,-21,0
11,22,0.052533,-0.0043232,0.029732,2.2098e-05,0.099716,18,0
27,23,-0.020583,-0.043566,-0.0082636,0.046867,-0.0087914,-6,0
19,29,0.09303,0.015303,-0.0013033,-0.04962,0.032336,10,0
20,30,-0.046617,-0.0035849,0.018226,-0.023157,0.029603,-18,0
10,11,0.01388,0.010895,-0.0069942,-0.020746,-0.094953,10,0
21,13,0.023244,-0.017456,0.062195,0.022056,-0.057354,10,0
18,2,-0.0098001,-0.032333,0.028167,-0.010765,0.081112,-7,0
5,7,-0.040993,0.0040563,0.038766,0.0096707,0.015073,3,0
29,8,-0.052978,-0.014936,-0.093366,-0.00508,4.5759e-05,-8,0
4,14,-0.0019021,-0.015468,-0.020398,0.046553,0.027543,14,0
30,15,0.026901,-0.0026817,-0.030973,0.038815,-0.069119,2,0
20,16,-0.04742,-0.0051101,0.020898,-0.038177,9.7428e-06,-4,0
28,17,-0.029389,-0.0072969,0.063567,-0.021743,-0.014389,19,0
9,23,-0.026828,-0.038298,-0.008138,0.040998,-0.0352,-36,0
1,25,0.026992,0.011377,0.044952,-0.039623,0.059952,-21,0
24,27,-0.0096852,0.017237,0.054477,-0.046234,0.048721,-14,0
2,3,0.0034229,0.0051093,-0.044362,-0.020259,-0.029533,2,0
11,9,0.034486,0.011583,0.0056907,0.011302,0.11739,-7,0
5,12,0.015996,-0.0038325,-0.010788,0.053503,-0.021378,-39,0
10,13,0.004053,0.009333,-0.0027702,0.0072469,-0.036437,16,0
19,18,0.049442,0.032385,-0.038615,0.030362,-0.04604,-18,0
6,22,0.051643,-0.008117,0.001839,0.0087071,0.041083,4,0
8,26,0.024121,0.012482,-0.007233,0.046782,0.043926,-8,0
17,30,0.017554,0.0094525,-0.046836,-0.003869,0.063742,7,0
20,7,-0.10008,0.0097228,0.072898,-0.033254,0.028061,4,0
1,14,0.021231,0.0078555,-0.017338,-0.022752,0.026677,-19,0
29,16,-0.030746,0.0020198,-0.058513,-0.009555,0.0012065,-1,0
21,24,0.080904,-0.024824,0.023826,0.013803,-0.052888,-14,0
27,25,0.0048292,0.00080793,-0.014243,0.035845,0.054241,-1,0
28,3,0.012632,-0.011012,0.014418,-0.03033,0.058852,1,0
11,5,0.014358,0.001988,0.023721,-0.016018,0.064557,9,0
8,10,-0.012135,0.0060187,0.0077823,0.04721,-0.012459,-10,0
17,12,0.019117,0.0020909,-0.021742,0.012309,0.045294,-13,0
1,13,-0.029691,0.0095829,0.0446,-0.005289,-0.039602,-1,0
6,18,-0.0020976,0.012407,-0.010362,0.01152,-0.020319,-28,0
9,19,-0.047115,-0.02774,0.010483,-0.0049451,-0.05453,-3,0
27,26,0.00012781,0.01403,-0.018431,0.025395,0.052274,7,0
22,7,-0.07601,0.024662,0.046443,-0.05089,0.035025,-15,0
26,14,0.017351,-0.019923,-0.04335,0.0097063,-0.021701,-13,0
25,21,-0.058682,0.0038428,-0.05098,-0.0091429,-0.036108,11,0
16,28,0.0074634,0.001936,-0.013878,0.057328,-0.053297,1,0
9,3,0.0032706,-0.016074,-0.04597,-0.038358,-0.0030066,34,0
7,4,0.068947,-0.010215,-0.090212,-0.0050858,-0.054988,4,0
1,8,-0.041956,-0.0077463,0.035052,-0.053334,-0.00094647,13,0
13,10,-0.026256,-0.013493,0.011611,-0.029879,0.065874,19,0
25,11,-0.017753,-0.0085057,0.0017251,-0.043844,-0.077562,-9,0
16,12,-0.018455,-0.0081291,0.037458,0.054304,-0.032039,8,0
19,15,0.046957,0.020102,-0.0828,0.034728,-0.0070057,-3,0
22,17,-0.060415,0.00066656,0.026761,-0.030856,-0.040818,-7,0
21,18,0.031923,0.0098669,0.041196,-0.011682,-0.067882,-16,0
5,20,0.036155,-0.00064315,-0.044613,0.012121,0.0087882,3,0
29,30,-0.057463,0.0037631,-0.047397,0.030995,0.0044314,3,0
27,14,0.010574,-0.02989,-0.065633,0.012677,0.023755,-12,0
2,23,-0.035419,-0.04194,-0.048627,0.0028722,-0.049876,11,0
13,26,0.03517,0.0051002,0.0020168,-0.042429,0.11217,6,0
6,28,0.024215,0.010503,-0.02953,0.028518,-0.0031697,-34,0
3,1,-0.01949,-0.0010178,-0.057399,0.071457,-0.018996,5,0
29,4,-0.030713,0.012995,-0.060533,0.0087037,-0.012323,-11,0
15,8,-0.031406,-0.021153,0.01936,-0.032448,0.058945,-9,0
6,12,-0.02496,-0.0017333,-0.011828,-0.024911,0.070682,-2,0
10,17,0.013258,0.0035883,-0.00013158,-0.021595,-0.031883,14,0
20,18,-0.053577,0.015327,0.0032585,0.017866,-0.069159,-10,0
25,19,-0.023041,-0.0095947,0.039115,-0.025973,-0.073011,-6,0
11,24,0.03335,-0.0064779,-0.020569,0.054933,-0.00092318,17,0
22,30,-0.047237,0.003016,-0.00043866,-0.028255,-0.002198,-6,0
9,5,-0.013766,-0.0068087,0.0084154,-0.0048372,-0.013016,-2,0
21,4,0.042843,0.0078265,0.026699,-0.049979,-0.05272,10,0
14,7,-0.050876,0.048422,0.10331,-0.027328,-0.00063317,6,0
26,13,-0.035563,-0.011204,-0.0090158,0.054094,-0.10563,-21,0
8,27,0.0093116,0.011265,0.031199,0.017712,0.010679,-32,0
10,28,0.075118,0.032751,-0.028994,0.012192,0.004584,2,0
3,30,-0.067054,0.012385,-0.040209,0.020678,-0.014109,-6,0
17,16,0.022784,0.020413,-0.052953,-0.030419,0.074821,-18,0
25,18,0.00041026,0.018267,-0.018852,-0.018819,-0.055525,-17,0
19,20,0.067793,0.0084283,-0.042413,-0.019862,0.064749,5,0
12,24,0.018732,-0.012598,-0.023317,0.04805,-0.057803,23,0
27,1,0.012908,-0.010719,-0.064384,0.028492,-0.00077448,-3,0
20,3,0.010263,-0.0057817,0.0085403,-0.0086708,-0.027575,15,0
16,5,-0.023994,-0.013236,0.072273,0.025812,-0.011802,-8,0
10,6,0.098967,0.0071488,-0.020845,0.011947,-0.017766,10,0
4,9,-0.0082237,-0.0035986,0.019696,0.0081086,0.055056,11,0
11,13,-0.026182,-0.018256,0.004719,0.063948,-0.060411,-11,0
14,15,0.0053593,0.03598,0.015047,0.027818,-0.075391,-9,0
26,21,-0.034245,0.010602,-0.035042,0.037828,-0.0010736,-7,0
28,23,-0.016761,-0.062072,0.013415,0.0037134,-0.0037581,-6,0
12,29,0.047752,0.0046534,0.040046,-0.022835,-0.041415,15,0
17,30,-0.021649,0.009782,-0.021998,0.039906,0.048779,9,0
19,2,0.046401,0.014313,-0.028702,-0.012159,0.095796,3,0
7,8,0.035109,-0.036527,-0.079441,-0.0048723,-0.030768,-3,0
18,22,0.020441,-0.021193,0.023029,0.037402,0.040691,-6,0
24,25,-0.02577,0.014494,0.0096951,-0.0094189,0.02876,-7,0
19,1,0.046067,-0.0059987,-0.084854,0.024396,0.037912,-1,0
27,3,0.027456,-0.011087,0.0052282,-0.023814,-0.00959,5,0
10,5,0.042907,0.00081849,0.022576,-0.0196,0.04347,7,0
30,4,0.040875,0.025055,-0.0088536,-0.055699,-0.02253,-24,0
8,13,-0.041301,-0.0047677,0.014264,0.064138,-0.05616,-5,0
20,15,0.0037654,0.014203,-0.014116,0.010471,-0.079411,-6,0
16,17,-0.010243,-0.017368,0.011746,0.018385,-0.068826,5,0
14,21,-0.019055,0.029081,-0.03011,0.016394,0.0047949,-24,0
29,26,-0.023921,-0.0077227,-0.033938,0.027068,0.0029744,15,0
9,28,-0.00014095,0.020185,-0.054421,0.036446,-0.054617,-5,0
23,2,0.024577,0.032343,0.014017,-0.027822,0.077488,9,0
22,6,0.015651,0.011182,0.03541,0.001168,-0.022564,-1,0
18,11,-0.00057611,-0.018999,0.017247,-0.060704,0.025288,-18,0
12,25,0.0019753,0.0060718,-0.0071688,0.058685,0.0072707,-14,0
16,3,0.040447,-0.014773,0.022991,0.020999,-0.015851,-6,0
24,8,0.011881,-0.0028395,-0.011338,-0.028772,0.026802,8,0
30,9,0.046724,0.020559,0.038656,-0.033826,0.057237,10,0
12,14,0.021634,-0.032075,-0.0086522,0.0059332,-0.010924,-13,0
26,15,-0.0043297,0.018232,-0.0086433,0.02813,-0.068638,-18,0
27,28,-0.022497,0.019171,-0.056573,0.00073946,0.00045404,-3,0
20,29,0.019625,0.016452,0.036143,-0.049157,0.0072952,2,0
5,1,0.034866,-0.018786,-0.070987,0.052506,-0.011639,16,0
16,4,0.01452,0.011783,-0.011712,0.010989,-0.031081,1,0
21,6,0.029901,-0.0040068,0.075025,0.021821,-0.072875,24,0
10,11,0.062623,0.012415,-0.042672,-0.059928,0.05965,-8,0
28,18,-0.0034957,0.0069189,-0.0093764,0.012173,-0.0090615,-6,0
15,19,-0.006176,-0.012614,0.045707,-0.018985,0.007341,-7,0
17,23,-0.0072357,-0.023275,-0.012229,0.012599,0.035318,-22,0
7,25,0.01198,-0.016727,-0.098189,0.036407,0.033136,-9,0
13,29,0.034705,0.019452,0.027979,-0.098639,0.071206,-12,0
22,2,0.0045392,-0.010297,0.045013,-0.026861,0.057143,8,0
3,9,-0.040515,0.017966,0.014993,0.0038115,0.054236,1,0
20,14,0.0086491,-0.015486,0.0035294,-0.041556,0.047233,-20,0
12,27,0.029209,-0.0029171,0.015201,0.010094,-0.04935,8,0
29,1,0.042489,-0.00014435,-0.042029,0.055795,-0.0051233,-14,0
26,4,-0.016106,0.043455,0.0087606,-0.0175,-0.025911,-5,0
30,7,0.0024592,0.043003,0.070028,-0.033858,0.013371,-23,0
25,8,0.049347,-0.026823,-0.019256,-0.033208,-0.032348,-3,0
16,11,-0.0083062,0.012234,-0.038136,-0.019738,-0.021668,-9,0
18,13,-0.024692,-0.047166,0.038502,0.037572,-0.040129,8,0
23,15,0.020242,0.028054,-0.015193,0.003952,0.013094,-4,0
24,17,0.0031501,-0.0045647,0.039145,-0.016993,-0.0576,-4,0
5,19,0.0075126,-0.012839,-0.017679,0.042719,-0.056441,-4,0
20,10,-0.037817,0.013113,0.025101,-0.027308,-0.045109,-11,0
2,14,-0.034162,-0.0041825,-0.013056,-0.0043573,0.0091143,-1,0
3,21,-0.058333,0.02055,-0.10551,0.022949,0.051429,-1,0
26,22,-0.000918,0.018366,-0.035133,0.030965,-0.017455,6,0
6,27,0.0057695,-0.0065022,-0.0019539,-0.053128,0.048783,-12,0
28,1,0.02404,-0.026882,-0.0046434,-0.017549,-6.4348e-05,15,0
19,4,0.0016414,0.02737,0.0019207,-0.036314,0.030476,5,0
11,7,0.00055551,0.025025,0.092935,0.091935,-0.025819,7,0
29,9,0.005535,0.022861,0.028143,0.028058,0.035933,3,0
24,12,-0.0090139,0.029974,0.020308,-0.03507,0.05397,-15,0
2,13,-0.049445,-0.0080318,-0.012655,0.070964,-0.10506,11,0
27,15,-0.0067602,-0.002488,-0.036847,0.041667,-0.078116,23,0
5,23,-0.0083469,-0.026545,-0.074966,0.01106,-0.03736,-14,0
18,25,-0.02695,-0.019124,0.048655,0.011195,0.063073,-9,0
20,8,0.063784,0.00084152,-0.042592,-0.047587,-0.0039065,-12,0
18,10,-0.047721,-0.037294,0.092642,0.012168,-0.013157,-13,0
26,16,-0.012367,0.011051,-0.0073795,-0.049938,0.0041059,1,0
30,21,-0.0039284,0.027667,-0.077548,-0.038678,0.063414,-9,0
14,5,-0.00074435,0.0028337,0.056779,-0.013692,-0.049897,5,0
1,4,-0.04108,0.031182,0.025917,-0.010717,-0.0219,-11,0
12,6,0.028777,-0.016944,-0.00035597,0.075808,-0.076915,-7,0
25,7,0.029939,0.015652,0.074352,-0.021454,-0.036459,14,0
13,15,0.050278,0.018728,-0.027409,-0.037082,0.027145,9,0
3,17,-0.023928,-0.0067153,-0.0071513,0.021729,-0.05178,-25,0
11,19,0.015321,-0.017661,0.027544,0.096552,-0.064448,-2,0
20,24,0.041,-0.0079519,-0.021119,-0.011875,-0.015218,22,0
23,27,0.050543,0.03562,0.033175,-0.0064531,0.063402,19,0
29,28,0.010192,0.020985,-0.032506,0.046043,-0.0085594,4,0
30,1,0.02619,0.0086245,0.0054649,-0.046624,0.0311,25,0
7,8,0.008709,-0.053961,-0.10754,-0.033057,-0.0061729,-2,0
21,9,0.016862,-0.0051221,0.10743,-0.0036304,0.024468,13,0
2,10,-0.094172,-0.0041567,0.021382,0.031585,-0.086257,-4,0
22,12,-0.030139,0.0084666,0.070077,-0.044782,0.048321,-2,0
4,16,-0.0017988,-0.016199,0.013349,-0.005742,0.060566,-4,0
3,18,-0.042549,0.038205,-0.082591,0.041156,-0.0012998,-14,0
17,5,-0.0055533,0.010955,0.019915,-0.010299,0.073932,14,0
9,6,0.0060663,-0.014261,0.022264,0.067105,-0.051439,-17,0
24,11,-0.029512,0.022683,-0.018671,-0.063168,-0.0026715,-11,0
13,19,0.023631,0.013954,-0.0080822,-0.051115,0.038054,9,0
23,21,0.036222,0.046554,-0.053149,0.009131,0.065169,-10,0
26,27,0.014905,0.020479,0.0028996,-0.020921,-0.008751,-15,0
14,28,0.043529,0.013915,-0.024156,0.034032,-0.016506,-12,0
18,1,0.019166,-0.045625,0.036149,-0.02046,0.042088,-5,0
16,7,0.016591,0.043022,0.057568,0.050637,-0.041197,7,0
2,8,-0.007561,-0.010979,-0.03852,-0.027931,-0.060627,1,0
4,12,-0.020156,-0.0020719,0.015341,0.044767,0.097713,-9,0
24,15,0.0053997,0.0038732,-0.030977,0.043304,-0.03263,-11,0
23,17,0.033037,0.017215,0.070411,0.013753,1.9035e-05,-12,0
6,9,0.022623,0.01697,-0.026027,-0.080687,0.07227,-11,0
22,11,-0.016354,0.012918,0.035051,-0.10829,-0.023445,-7,0
25,13,-0.0032348,-0.022664,0.034192,0.01751,-0.058542,8,0
26,19,-0.017422,0.0071535,-0.0097695,-0.027288,-0.059833,11,0
3,20,-0.064635,-0.0026681,-0.0099804,0.031746,0.018466,-16,0
8,27,0.0018577,0.016065,0.052462,0.012952,0.025483,-2,0
18,28,0.017966,-0.022167,0.0028642,0.0056766,0.037405,-5,0
10,29,0.07905,-0.00096359,-0.030016,-0.034916,0.0214,-30,0
21,30,-0.02732,-0.037812,0.096034,0.054345,-0.0060173,-6,0
4,1,-0.016434,-0.036161,0.0022188,0.020077,0.064483,13,0
20,2,0.062414,0.010045,-0.020625,-0.012177,0.054607,-30,0
23,3,0.047981,0.024455,0.040533,0.0080336,0.032264,-8,0
16,6,-0.0027257,0.00067063,0.016422,0.065009,-0.051991,-2,0
15,12,-0.021082,0.030589,0.066375,-0.014863,0.080555,-4,0
14,22,-0.017257,-0.0027398,-0.032652,0.043448,-0.0213,-22,0
7,24,-0.0059067,-0.041414,-0.05974,-0.016938,-0.012758,-14,0
5,25,-0.017765,0.012057,-0.062348,0.031134,0.0012065,-16,0
21,8,0.013186,-0.02207,0.067839,-0.0052563,-0.0056288,-3,0
15,9,0.0016253,0.031115,0.040193,-0.075935,0.057073,-2,0
17,18,0.0082286,0.040502,-0.054439,0.016137,0.016566,-19,0
11,27,0.033998,-0.0035544,-0.0058964,0.041181,0.063505,11,0
28,30,-0.028134,-0.028811,0.035133,0.037976,-0.009626,-3,0
1,2,0.007953,0.020669,0.0080072,0.019338,0.036711,-9,0
14,3,0.0089029,-0.014277,0.020008,-0.0086983,-0.036085,3,0
12,4,0.027993,-0.00021989,-0.044454,-0.064394,-0.072875,-7,0
20,17,0.025417,-0.0021264,-0.0019036,-0.0021884,-0.044776,-2,0
19,21,0.00016226,0.025684,-0.13756,-0.013835,0.020927,14,0
16,23,-0.032786,-0.015346,-0.047401,0.039847,-0.088758,-6,0
29,24,0.025711,-0.012606,0.00044561,-0.0012971,-0.012155,32,0
10,26,0.058192,-0.00085613,-0.02282,-0.017149,0.066126,15,0
25,28,0.037047,-0.0077101,-0.0057582,0.035953,-0.040151,-25,0
11,6,0.022248,-0.026195,0.027408,0.06856,-0.012308,32,0
10,8,0.07216,0.0075129,-0.061823,-0.027744,0.024038,-7,0
16,9,-0.011884,0.022794,0.020981,0.012946,0.0004808,-4,0
23,12,0.0069963,0.033741,0.064209,0.025478,0.082119,-8,0
5,13,-0.033497,-0.020543,0.0055067,0.081583,-0.068112,-10,0
19,18,0.013965,0.037943,-0.066598,0.035316,-0.017991,-11,0
30,22,-0.0042658,0.014681,0.0029824,-0.010052,0.019593,17,0
7,26,-0.032167,-0.029962,-0.014815,0.0038204,0.048467,7,0
29,27,0.05624,0.014424,-0.013122,-0.018992,0.021135,9,0
25,2,0.029119,-0.0075797,0.030775,-0.0053272,0.035214,-1,0
17,3,-0.0017016,0.0010255,-0.0094143,-0.0046037,0.045431,15,0
1,20,-0.0082214,0.010377,-0.010309,0.0019202,-0.0089639,3,0
14,21,-0.014845,0.0038817,-0.08371,-0.016068,-0.015579,4,0
4,24,0.031118,-0.02719,0.027319,0.050867,0.034948,5,0
15,28,0.0076712,0.018025,0.00034587,0.020584,-0.0020505,-15,0
4,8,-0.010521,-0.028989,-0.017493,0.041899,0.045108,-17,0
25,9,0.023492,-0.0056765,0.030147,-0.028015,0.014025,-20,0
30,12,0.012367,0.032012,0.06103,-0.0036101,0.045936,9,0
7,13,-0.05445,-0.033361,0.0037651,0.028167,-0.070743,-3,0
22,16,0.037447,-0.0020203,0.023893,-0.077681,0.052971,2,0
29,19,0.04139,0.0073222,0.030412,0.00024913,0.014477,24,0
5,26,-0.016378,-0.013791,0.0059646,0.05356,0.050327,-6,0
15,1,-0.00175,0.0056653,0.05885,-0.0098522,-0.0064056,-26,0
11,3,0.03763,-0.020002,-0.017722,0.077417,0.032422,10,0
21,10,-0.058138,-0.030469,0.12639,0.042783,-0.0085816,20,0
24,14,-0.0063053,0.023319,-0.04188,0.010413,0.021923,-19,0
17,20,0.018334,-0.0022795,-0.018259,-0.026746,0.068815,14,0
6,22,-0.032455,0.0054292,-0.076283,0.074622,0.025896,-18,0
30,23,0.0085296,0.00015407,-0.0099377,-0.042162,-0.0070383,-13,0
2,28,-0.0011416,0.001173,-0.056705,0.030893,-0.033105,-20,0
18,6,0.0026667,-0.045393,0.084766,-0.028564,-0.0080476,-2,0
3,9,-0.0042805,0.010416,-0.0075304,-0.052175,0.023317,-9,0
29,15,0.076278,-0.023792,-0.031476,0.014349,0.014576,4,0
11,16,0.070366,-0.019954,-0.058375,0.023775,0.0781,8,0
27,24,-0.0087336,-0.023546,0.0391,0.045985,-0.030258,48,0
7,10,-0.084458,-0.040617,0.00064977,0.0039756,-0.037408,-18,0
21,14,0.000144,-0.015769,0.049939,0.033506,0.036017,-25,0
1,22,-0.030824,0.009177,-0.040608,0.038852,0.010918,-2,0
4,25,-0.01038,-0.0089117,0.0043401,0.053738,0.056111,-6,0
20,28,-0.024501,0.015225,-0.018306,0.053347,-0.019033,-25,0
2,30,-0.025199,-0.0095897,-0.06087,0.039035,-0.045005,6,0
6,1,0.020461,-0.0015538,-0.051787,0.029751,0.030698,16,0
12,2,0.013869,-0.0023458,-0.020623,-0.02612,0.021576,6,0
18,5,0.047083,-0.019769,0.042234,-0.06415,0.018826,-1,0
13,9,0.0033069,0.027651,-0.017906,-0.072734,0.044743,13,0
8,11,-0.024114,0.017885,0.085635,-0.020549,-0.053585,-26,0
17,16,0.02396,-0.004299,-0.048773,-0.050682,0.10558,-6,0
19,23,-0.018195,-0.012675,-0.090405,0.016612,-0.046565,-18,0
25,26,0.0086375,-0.0093546,0.02273,0.0074128,0.05302,18,0
4,29,-0.05039,-0.031461,-0.0031601,0.041237,0.015394,-12,0
19,3,-0.0015843,-0.0042765,-0.032154,0.025694,-0.014335,10,0
30,5,0.039806,0.017871,0.073652,-0.051377,-0.00036295,11,0
14,7,0.034963,0.0048267,0.042805,0.0070715,0.022909,-7,0
27,10,-0.074869,-0.037406,0.036156,0.042766,-0.041447,-17,0
17,22,-0.024659,0.004874,-0.03575,0.023311,0.042464,7,0
13,23,-0.015241,-0.0093513,-0.05212,-0.01759,0.014089,-14,0
8,24,0.068662,-0.018482,0.01644,0.043606,0.0090293,10,0
9,1,-0.0045271,-0.035376,0.001598,0.032274,-0.034199,-3,0
6,2,0.039557,0.017722,-0.05787,0.036435,0.056724,22,0
28,4,0.033218,0.01046,0.029422,-0.067201,-0.045048,20,0
7,11,-0.077136,0.0030668,0.052306,-0.043312,-0.088947,-7,0
20,12,-0.05247,0.013293,0.028147,0.074763,-0.04031,-8,0
26,18,-0.028337,0.023849,-0.031617,0.0089841,-0.073522,-5,0
15,21,-0.0018737,0.050352,-0.040893,0.0041205,-0.026392,-18,0
29,25,0.036964,0.020801,-0.0023859,0.0090227,0.01883,19,0
13,3,0.0076777,0.00042111,-0.025094,0.029343,0.035748,13,0
22,5,0.053511,0.0054868,0.030035,-0.062391,-0.0035107,-4,0
19,9,-0.0087038,0.013576,-0.032428,-0.027588,-0.0249,15,0
24,10,-0.1032,-0.024043,-0.036022,-0.0064115,-0.0086533,-46,0
20,23,-0.053175,0.00249,-0.0048872,0.038305,-0.015253,-16,0
27,29,-0.040063,-0.014092,0.026066,0.0051504,-0.053331,-2,0
26,7,0.025061,0.0067597,-0.0042904,-0.0064515,-0.03235,5,0
27,8,-0.034771,-0.0083621,0.022616,0.0061264,-0.032059,-8,0
1,17,0.0019699,0.0085237,0.00050542,0.0058815,-0.0019952,-5,0
11,18,0.026946,-0.00023277,-0.069193,0.052869,0.064114,18,0
6,21,0.052384,0.017964,-0.13246,0.057193,0.0040528,8,0
16,28,-0.064661,0.019716,0.012094,0.044821,-0.013878,-3,0
13,2,0.018588,0.0089022,-0.0086862,0.0031896,0.014438,10,0
12,3,0.052366,-0.00039305,-0.010101,-0.018552,0.031878,5,0
28,5,0.067865,-0.012731,0.019623,-0.027289,-0.030968,24,0
1,9,0.0012724,0.02389,-0.003433,-0.03755,0.024182,-6,0
26,11,-0.048382,0.022358,0.048988,-0.004067,-0.1535,-9,0
21,15,0.015035,-0.05125,0.029403,-0.001967,0.024512,7,0
14,19,0.0083992,-0.009334,0.088486,0.00066929,0.043245,-22,0
30,20,0.056377,0.0016047,0.03901,-0.04282,0.0004317,5,0
4,22,-0.038603,-0.026167,0.0045036,0.091512,0.013144,2,0
16,23,-0.044406,0.00076417,0.019064,0.057042,-0.027366,-2,0
10,25,0.064318,0.03182,0.038818,-0.011904,-0.0052537,-6,0
24,29,-0.087464,0.0074492,-0.019209,-0.045113,-0.036908,-10,0
8,17,0.036434,-0.0087084,0.025073,0.029366,-0.030209,11,0
14,18,-0.018513,0.024079,0.02459,0.0088582,-0.0059446,-8,0
23,5,0.050917,0.030958,0.053019,-0.045814,0.010943,1,0
3,4,0.0079362,0.021386,0.010602,-0.093016,-0.040135,-15,0
30,6,-0.018509,0.013869,0.096687,-0.045301,-0.017103,7,0
13,10,-0.063715,-0.034804,-0.055355,0.038247,0.023239,-7,0
20,22,-0.084893,0.0029247,0.027845,0.037778,-0.035416,7,0
21,26,-0.01954,-0.013411,0.079728,-0.032083,0.10773,3,0
27,8,-0.040992,-7.1048e-05,0.01705,0.01771,-0.005946,-3,0
2,9,-0.010817,0.0064463,0.0090973,-0.028006,-0.023533,12,0
18,11,-0.030525,0.0043833,0.058137,-0.04808,-0.041233,-18,0
1,12,-0.02219,0.010634,-0.036108,0.025091,0.018206,-23,0
7,14,-0.026533,-0.022336,-0.037308,0.039495,-0.029579,-22,0
6,15,0.060781,-0.045763,-0.098624,0.0092366,0.034945,23,0
16,19,-0.031582,0.0071807,0.05636,0.017786,0.017634,-1,0
13,24,0.047096,-0.018717,0.00081801,0.056452,0.029246,11,0
17,28,-0.047842,0.025836,0.0076212,-0.035748,0.035368,3,0
25,29,-0.044423,-0.00024008,-0.024133,-0.040147,-0.015665,19,0
4,30,-0.023973,-0.015563,-0.029564,0.058583,0.015982,17,0
21,10,-0.083442,-0.04159,0.021054,0.025436,0.013041,-32,0
15,16,0.0015722,0.037417,-0.0032796,0.0091217,-0.0079102,-26,0
5,18,-0.056282,-0.0033929,-0.012579,0.073305,-0.035556,-18,0
2,20,0.053187,-0.013454,-0.033311,-0.021461,-0.0020365,9,0
22,23,0.017167,-0.00083388,-0.051357,-0.03985,0.013355,-11,0
25,24,0.030701,-0.010241,-0.0021588,0.03167,0.016761,2,0
14,26,0.0058974,0.016258,0.052675,-0.025944,0.068284,5,0
7,29,-0.060601,-0.014091,-0.041664,-0.055099,-0.048962,-7,0
9,4,-0.011001,0.011981,-0.0058343,-0.032085,0.0094872,-16,0
27,6,-0.030355,-0.0095591,0.091379,-0.033645,-0.023717,16,0
11,8,0.0092802,-0.016081,-0.066889,0.024585,0.070502,5,0
19,17,-0.00050269,-0.010753,-0.031564,-0.010142,-0.054767,2,0
23,30,0.0076092,0.0031362,0.0044595,0.020725,0.0088029,-15,0
14,1,0.028461,0.0024249,0.075941,0.019392,-0.041782,19,0
15,2,-0.017545,0.051563,0.029888,-0.011814,-0.0189,-11,0
5,3,-0.016269,-0.011678,-0.028987,0.076277,0.0074696,-17,0
12,7,0.035743,0.00043076,0.05038,-0.033042,0.041342,-6,0
24,19,-0.035989,0.0069214,-0.010739,-0.0015873,0.011809,-9,0
10,20,0.13196,0.029004,0.0012393,-0.038987,0.027655,14,0
22,21,0.040504,0.021236,-0.071755,-0.02968,0.0072355,-7,0
18,26,0.021758,-0.013628,-0.0013399,-0.049291,0.094433,18,0
9,28,-0.054386,0.020621,0.023441,-0.00051301,0.024267,-29,0
11,29,0.036272,-0.024278,-0.040774,-0.074455,0.026286,11,0
5,4,-0.045016,-0.0050117,-0.024466,-0.0047,-0.023869,-15,0
3,6,-0.030195,-0.0048572,0.035609,-0.060197,-0.021516,-6,0
13,8,-0.036843,0.0013138,-0.039227,0.046478,0.035671,2,0
23,16,0.03263,0.014588,0.012338,-0.0059281,0.0021313,-1,0
30,17,0.039841,0.0038918,0.027845,0.0010553,-0.047627,3,0
26,25,0.013556,0.0080477,0.020462,0.010584,-0.072312,-17,0
12,1,0.037495,-0.0077927,0.055738,0.009998,-0.013657,-5,0
4,2,0.019318,-0.0027488,-0.010674,0.028115,-0.013636,-28,0
21,7,-0.018903,0.0018558,0.085682,-0.013377,0.049745,1,0
17,9,0.019743,0.0073285,-0.014991,-0.031941,0.04033,-23,0
11,13,0.035686,-0.014466,-0.016829,-0.010295,0.032317,13,0
24,15,-0.00022383,-0.036731,-0.018351,-0.023992,-0.011322,8,0
28,22,0.04892,-0.021871,-0.0066338,0.050382,-0.027976,13,0
19,27,-0.011965,0.0038603,-0.047573,-0.007583,-0.024661,5,0
10,30,0.057872,0.020271,0.0035397,-0.0028247,0.04404,8,0
23,6,-0.038186,0.027823,0.074279,-0.0050177,0.030484,11,0
14,16,0.050062,0.021811,0.0027507,-0.0080168,-0.024387,18,0
18,25,0.042325,-0.0033165,0.023739,-0.02312,0.048378,-9,0
3,26,-0.0083952,-0.0062603,-0.029054,-0.05772,0.030129,-5,0
10,1,0.10375,0.0058002,0.026774,-0.014951,0.011208,5,0
7,5,0.040546,0.0040602,-0.02621,-0.05468,-0.026006,-8,0
20,13,-0.062719,0.00083268,0.038557,-0.0055478,-0.060034,-23,0
8,15,0.1066,-0.0351,0.044243,-0.041904,-0.0097312,6,0
12,17,0.0023874,-0.0036825,0.027327,0.011101,-0.019237,7,0
9,22,-0.036443,-0.0075343,0.057405,0.040433,-0.011165,-9,0
4,23,0.0010459,-0.028422,-0.067382,0.014289,-0.025089,-11,0
21,24,0.024596,0.0022225,0.074906,0.004248,0.027631,8,0
18,29,0.016123,-0.027777,0.0020489,-0.069424,0.0024382,-8,0
28,30,0.042948,-0.027019,-0.065033,0.018284,0.013072,7,0
8,6,0.0070113,0.017364,0.047356,-0.050094,0.035858,9,0
2,11,-0.046054,0.00045238,0.0018517,0.011887,-0.075944,-3,0
9,16,-0.021263,-0.00020635,-0.0094429,0.016304,0.0077638,-9,0
15,22,-0.063304,0.036915,0.030891,0.022378,0.0025624,-7,0
21,25,0.010147,0.0093567,0.07654,-0.036769,0.02997,-8,0
29,26,-0.0048446,0.017318,0.017192,0.082748,0.098368,7,0
14,27,0.046944,0.02522,-0.016646,-0.00083766,-0.0059401,4,0
24,1,-0.026008,-0.02345,0.034296,-0.01607,-0.028836,-1,0
19,7,-0.0067951,-0.013026,0.049529,-0.0037739,-0.0017397,17,0
3,13,-0.03801,-0.00051264,-0.016922,-0.062142,-0.061187,-3,0
23,17,0.016275,-0.0033997,0.034722,0.073174,-0.034078,-8,0
20,26,-0.025988,0.003895,0.012579,-0.0059683,0.034423,-3,0
4,28,-0.050732,0.0011545,0.03285,0.024555,-0.0030812,-5,0
12,30,-0.014505,-0.0047847,-0.0084504,-0.013084,0.049041,3,0
2,5,0.027196,-0.0076135,0.020183,-0.041082,0.022458,16,0
9,6,-0.092957,0.015184,0.051193,-0.018664,0.01851,-22,0
17,12,0.008283,-0.001224,-0.026861,-0.030831,0.019921,-3,0
25,14,-0.064464,-0.019103,-0.02175,0.042625,0.01032,5,0
24,16,-0.018697,0.00031329,-0.063171,-0.0076149,-0.02198,-22,0
15,27,-0.044126,0.044022,-0.032717,0.03461,-0.0038007,-2,0
22,29,0.035049,-0.0065809,-0.061608,-0.095415,-0.026853,-14,0
23,4,0.018227,0.035905,0.050741,-0.017474,0.02757,14,0
8,7,0.071054,0.012705,0.053355,-0.030826,0.028167,-11,0
3,10,-0.079378,-0.0199,0.0019364,-0.005977,-0.063597,-13,0
19,13,-0.031244,-0.011719,-0.023564,-0.022411,-0.065884,5,0
11,21,0.054601,-0.011024,-0.069367,0.012557,0.072701,10,0
20,25,-0.013871,0.0095778,0.02393,-0.031866,-0.059842,-24,0
1,28,-0.076883,0.030319,0.025379,-0.00092764,0.012775,-16,0
16,30,-0.0099071,-0.020323,0.018939,-0.023148,0.028178,-4,0
15,5,-0.011472,0.031876,0.018554,-0.002848,0.016973,-9,0
6,8,-0.011364,-0.019469,-0.017483,0.067994,-0.030682,5,0
28,9,0.079682,-0.021051,-0.08238,-0.0019945,0.018606,2,0
29,12,0.0032013,-7.3305e-05,-0.036769,0.077569,0.011775,20,0
22,14,-0.032823,0.0025835,-0.058987,-0.0086081,0.011384,-1,0
11,17,0.044923,-0.014651,-0.025585,0.027261,0.062048,11,0
19,26,0.0023812,-0.017904,-0.0088061,0.01347,0.052962,13,0
3,4,-0.015326,0.018636,0.0023668,-0.039283,-0.038314,14,0
27,10,-0.090266,-0.033148,0.03431,-0.0023738,-0.00098106,-3,0
23,16,0.034915,0.028012,0.0059422,0.034387,0.01971,-9,0
2,18,-0.0066197,0.00071474,0.016077,0.0031551,-0.060734,8,0
24,21,-0.013118,-0.00040945,-0.06878,0.0002964,-0.025813,-28,0
14,8,-0.0086973,-0.0021063,-0.039748,0.04362,-0.0089885,-9,0
5,9,0.018978,0.00021133,-0.052981,0.031601,-0.0039241,-16,0
1,12,0.0045316,0.012305,-0.084418,-0.010395,0.01137,-25,0
6,13,-0.0031487,-0.012852,0.0013963,-0.011816,-0.068297,-14,0
29,15,0.017528,-0.014682,0.014645,0.034604,0.016401,17,0
20,17,-0.014836,-0.009589,-0.012497,0.01756,-0.059504,-8,0
30,19,-0.0048805,0.028519,0.027756,0.01029,0.0008423,19,0
10,25,0.088024,0.017273,-0.036767,-0.040415,-0.019693,-17,0
22,26,0.019054,0.021953,-0.047642,-0.00018707,0.063754,-6,0
11,28,0.0004444,0.016564,0.040726,0.00299,0.069763,-3,0
24,4,-0.047387,0.01274,0.0024618,-0.025306,-0.038181,-7,0
15,7,-0.03504,0.029676,0.027712,0.017619,0.01353,-34,0
22,13,-0.031271,0.020763,-0.066665,-0.024337,-0.056422,-8,0
30,16,0.010538,0.019497,-0.0049352,0.040862,-0.01813,-27,0
27,21,-0.0074762,-0.024015,-0.041364,-0.027518,0.013926,-10,0
5,1,0.0037204,-0.023514,0.014767,0.036722,-0.036764,7,0
12,2,-0.038301,0.026756,0.03617,0.0076662,-0.0069184,2,0
23,3,0.018886,0.024055,0.044752,0.038592,0.042653,23,0
11,7,0.038834,0.0044422,0.068511,-0.021682,0.092939,23,0
26,8,-0.072189,-0.016881,-0.026587,0.036012,-0.077262,-26,0
6,14,-0.015638,-0.022534,-0.00026021,-0.013395,-0.022387,-14,0
10,18,0.066729,0.018014,-0.054015,-0.021011,-0.034862,-6,0
29,19,-0.034009,0.029382,0.018762,0.058205,0.040706,17,0
28,20,0.043678,-0.0095815,-0.047512,0.016793,0.059349,26,0
27,11,-0.041965,-0.020135,-0.013761,-0.01651,-0.066429,-16,0
17,15,0.05062,-0.014446,0.030519,-0.04915,0.065914,18,0
26,21,-0.025528,-0.029308,-0.038652,-0.030102,-0.04582,-5,0
16,25,0.025452,-0.0076177,0.011817,-0.065927,-0.039579,-16,0
21,1,0.023308,-0.012987,0.06709,0.015388,-0.0064522,12,0
28,3,0.032345,-0.013994,-0.0010826,0.029308,0.037329,14,0
13,5,0.059742,0.00065704,0.022003,-0.018763,0.092616,6,0
8,14,0.026888,0.0070125,0.012303,-0.053504,0.020882,-9,0
4,19,0.00037149,-0.005115,0.01086,0.038191,0.058103,-4,0
7,20,0.0080631,-0.00053437,-0.055941,0.020325,0.023626,13,0
12,23,-0.050396,0.0021246,0.0076551,0.016027,-0.032274,3,0
6,24,0.025594,-0.0072735,0.020488,0.015624,-0.013892,22,0
22,27,0.021751,0.022001,-0.046094,-0.0011528,-0.0062563,-36,0
9,29,-0.015312,-0.013273,0.026703,-0.049144,-0.045853,-31,0
18,30,-0.0068804,-0.029154,-0.021442,-0.034418,0.047757,5,0
30,2,-0.015545,0.026612,0.029195,-0.018289,0.012929,1,0
14,10,-0.010188,-0.0025231,0.055824,0.05856,-0.039299,-11,0
17,22,0.016934,-0.003099,0.069499,-0.007797,0.069639,-9,0
16,26,0.039114,0.00068114,0.027035,0.0042829,0.034325,-4,0
4,1,0.036541,-0.04573,0.0048885,0.017829,0.034311,12,0
9,8,-0.083176,-0.0024572,0.015759,0.014696,-0.044005,-7,0
13,11,-0.0027325,-0.0056516,-0.01552,0.019319,0.0019511,-5,0
28,12,0.051049,-0.025828,-0.012182,-0.022467,0.052349,7,0
5,15,0.021878,-0.019472,0.0093985,0.01429,-0.020848,1,0
23,20,0.033288,0.029775,0.0018245,0.019337,0.072238,8,0
6,25,0.020698,0.0029821,-0.031819,-0.043167,-0.055142,-8,0
19,27,0.019123,-0.00039976,-0.017706,0.0060806,-0.046576,-5,0
24,29,-0.023788,-0.033348,-0.030075,-0.042076,-0.024318,-28,0
26,10,-0.077392,-0.027973,0.019913,-0.0009278,-0.077833,5,0
16,14,-0.020697,-0.016978,0.044579,-0.010348,-0.0058765,1,0
13,21,0.024729,-0.011291,-0.025166,-0.0037653,0.051373,-8,0
2,22,0.03456,-0.033088,0.048424,0.026332,0.0052416,9,0
3,23,-0.025479,-0.022664,-0.045671,-0.025698,-0.010268,-4,0
7,28,-0.036132,-0.0017665,-0.070204,-0.0079327,-0.054388,-7,0
7,3,-0.0048813,-0.0040095,-0.012084,0.024411,-0.015329,-8,0
6,5,0.046575,-0.0082474,-0.016202,-0.02779,-0.004661,5,0
8,15,0.086332,0.0035541,0.0019735,-0.044451,0.031772,-7,0
1,17,-0.017773,0.018575,-0.043113,0.044201,-0.040053,-5,0
11,19,0.019022,0.016952,0.043993,0.018475,0.095439,6,0
4,20,0.026918,-0.012555,-0.064093,0.05884,0.088116,-23,0
10,24,0.059525,-0.0024302,0.0056961,-0.012805,0.027717,15,0
9,25,-0.02434,0.019292,0.0033577,-0.070911,-0.07536,-13,0
18,27,0.026836,-0.0038771,0.020425,0.0087072,0.028829,-16,0
26,29,-0.029706,-0.036694,-0.023117,-0.04802,-0.063136,-6,0
12,30,-0.041543,-0.0067203,-0.032386,-0.029231,-0.031686,-7,0
25,13,-0.030243,-0.017509,0.0018849,0.080025,0.012985,13,0
11,18,0.013051,0.012615,0.00245,0.035262,0.0062011,9,0
2,19,0.016933,0.0070719,0.045523,0.044559,0.042056,-19,0
21,28,0.0053769,0.016829,-0.0092874,-0.025,-0.051387,7,0
15,3,-0.046416,0.011895,0.012095,0.028346,-0.022315,-3,0
17,6,-0.023737,0.021387,0.034064,-0.019534,0.060144,-7,0
14,12,0.059661,0.001133,-0.031136,0.044249,0.024869,-10,0
8,16,0.032475,0.022352,-0.024689,-0.024998,0.051468,-8,0
5,20,-0.015409,-0.00033761,-0.0015462,0.057224,0.037153,-18,0
4,23,-0.02479,-0.036757,-0.079162,0.017396,0.040155,-14,0
9,26,-0.015369,0.018021,0.032232,-0.00031484,0.011662,16,0
10,27,0.060476,0.026772,-0.033164,-0.00014077,0.036587,-14,0
21,2,0.011705,0.0064179,0.037925,-0.047446,-0.0057332,-1,0
13,18,0.0046189,0.0076601,-0.016239,0.013497,0.0069284,-14,0
7,19,-0.016067,-0.00060546,0.038666,0.015427,0.035502,-10,0
28,22,0.030706,-0.024352,0.1095,0.0091201,0.056612,7,0
9,24,-0.00066866,-0.015627,0.037846,0.00086022,-0.027183,27,0
11,25,0.023712,0.0020633,-0.0091559,-0.067216,0.0070646,4,0
1,29,-0.01668,0.00083742,-0.052518,-0.031038,-0.026519,5,0
4,3,-0.032445,-0.033409,-0.061356,0.026156,0.020857,6,0
8,5,0.05594,0.0082843,-0.0028758,-0.0032264,0.043063,33,0
28,6,-0.016879,0.015398,0.080748,0.038462,0.036174,-3,0
20,16,-0.022867,0.015651,-0.010466,-0.051827,-0.028535,-21,0
13,17,-0.0030167,-0.01883,0.012211,0.035141,-0.0063522,7,0
12,19,-0.041333,0.0096979,0.059587,-0.0022048,0.036415,-4,0
15,23,-0.058537,0.0016373,-0.022337,-0.0098168,-0.017561,-14,0
30,27,0.03385,0.026299,0.035038,0.015259,0.052513,-8,0
15,4,-0.00057737,0.025975,0.036401,0.0041454,-0.10739,-61,0
29,7,0.0037703,0.028708,0.020367,0.057034,0.065798,7,0
9,11,-0.062349,0.0058709,-0.018765,0.0082926,-0.073562,-4,0
14,19,0.013748,0.010673,0.030044,0.037757,0.053984,-3,0
23,22,0.069505,-0.0087767,0.069392,0.0096382,0.019064,20,0
1,26,0.024625,0.04371,-0.0028405,0.0015453,0.052787,-15,0
17,5,0.052709,0.016993,0.01659,-0.021775,0.03439,13,0
24,6,-0.08608,0.029994,0.0028665,0.018212,-0.014393,-25,0
1,10,-0.025943,0.0094144,0.0066777,0.027253,-0.018773,-12,0
13,12,0.047474,-0.0021094,0.0092611,0.00024331,0.058695,-5,0
18,20,0.030319,-0.0099743,-0.012497,0.023249,0.086107,4,0
16,21,0.0075007,-0.018145,-0.0084188,0.02188,-0.024361,-6,0
2,25,0.0074897,0.020078,-0.019083,-0.017106,-0.052539,5,0
29,27,0.030367,0.019996,0.014092,0.020715,0.046357,-4,0
3,28,-0.026888,0.0062331,-0.043619,-0.046072,-0.0022883,-4,0
8,30,0.048128,-0.015482,-0.03522,-0.0089616,-0.0020907,8,0
4,7,-0.011863,-0.013124,-0.022389,-0.0041085,0.10362,4,0
5,9,-0.0015616,-0.0097144,0.011182,0.0050882,0.026537,-22,0
19,11,-0.014734,0.0021208,-0.036292,0.0024848,-0.07361,-23,0
14,15,0.03848,-0.0049928,-0.010531,0.035065,0.030032,7,0
24,22,0.0065209,0.0073735,0.02393,-0.0074413,-0.00030765,-6,0
18,23,-0.024776,-0.021942,-0.02176,-0.028866,0.05814,-12,0
6,3,0.044492,-0.0014535,-0.02049,0.0045304,-0.029464,7,0
29,10,-0.0041416,0.0070356,0.042817,0.018363,0.040691,19,0
1,11,-0.028564,0.022732,-0.032611,0.020953,-0.015754,-19,0
16,12,0.056589,-0.012209,-0.0275,0.0078997,0.011871,-6,0
27,17,-0.064677,-0.010299,0.0050044,0.067342,-0.018873,-3,0
25,21,-0.0090994,-0.014066,0.015982,0.068192,0.021126,3,0
2,26,0.030761,0.026627,0.022111,0.0029428,0.05441,11,0
13,28,-0.027976,0.0025365,-0.017945,-0.04152,-0.00041437,11,0
20,30,-0.022524,-0.023071,-0.00082403,-0.033237,-0.071055,4,0
20,4,0.00032759,0.017546,0.024056,-0.050377,-0.12743,-9,0
14,9,0.016591,0.0078406,0.0064018,0.031966,0.038256,-6,0
15,18,-0.048418,0.010182,0.0056703,0.0019965,-0.045705,8,0
8,23,0.0010278,-0.0047982,-0.018335,0.001943,0.034589,-19,0
2,24,0.043456,-0.0080436,0.043801,0.043617,0.0204,8,0
12,10,-0.026945,-0.0065717,0.038971,0.011628,-0.015527,11,0
5,11,-0.053252,0.00055591,0.042211,0.013071,-0.0069344,-32,0
17,13,0.027766,0.001193,-0.04522,-0.0346,-0.015906,-7,0
6,16,0.033088,0.0071538,0.0049334,-0.030174,0.04825,-19,0
25,19,0.019154,-0.010728,0.064002,0.053335,0.066774,4,0
7,26,0.017441,-0.004378,-0.00070106,-0.035867,0.032152,6,0
8,28,-0.0055681,-0.0025762,-0.049225,-0.020143,0.020721,-4,0
27,30,-0.030768,-0.02438,0.02136,0.011576,-0.0406,-10,0
6,4,0.041303,0.016679,-0.0087081,-0.030899,-0.055155,13,0
7,14,-0.010545,-0.023898,-0.016864,-0.01588,-0.023604,-10,0
25,15,0.04726,-0.022528,0.043954,0.049797,0.021916,-5,0
1,18,-0.018198,0.021418,-0.048138,0.023361,-0.053384,-12,0
3,22,0.051606,-0.025225,0.01967,-0.027067,0.07602,7,0
20,23,-0.027937,-0.016389,-0.006202,-0.040358,-0.05436,-17,0
13,24,0.060625,-0.028417,0.042332,-0.014857,0.031064,12,0
2,29,-0.010501,0.0067532,-0.015082,0.014309,-0.033079,3,0
30,9,0.026159,0.021819,0.025637,0.0042136,0.051553,-11,0
17,10,0.063084,-0.00046894,-0.02415,-0.057658,0.037953,9,0
5,16,-0.070919,0.00042857,0.05679,-0.0040566,0.0016997,-11,0
12,26,0.0078855,0.0036673,0.035559,-0.067016,0.0094833,3,0
21,27,0.040969,0.013725,-0.016818,-0.041944,0.035934,-4,0
23,1,0.028367,-0.014279,0.096329,-0.0092956,0.0095521,10,0
19,6,-0.051682,0.0050021,-0.00251,-0.012135,-0.067845,-5,0
18,7,0.01961,0.014055,0.042628,-0.017064,0.052559,1,0
24,11,-0.073009,0.038598,-0.013005,0.0053891,0.00010556,-1,0
17,14,0.045898,-0.0081113,-0.010198,-0.077296,-0.013034,2,0
8,21,0.027633,-0.0038751,-0.021277,0.023265,0.00013916,1,0
5,22,-0.013011,-0.022534,0.054474,0.02314,0.015777,8,0
13,25,0.014118,0.0278,-0.01817,-0.055658,0.012102,-9,0
15,29,-0.024651,-0.0097549,-0.01218,-0.030963,-0.058083,-10,0
28,2,0.0529,-0.017802,0.043939,4.7695e-05,0.00084767,-11,0
3,16,-0.0048246,8.3426e-05,0.018889,-0.030596,0.058069,1,0
9,20,-0.0033721,0.00040056,-0.014987,0.038768,0.0089058,6,0
10,26,0.0056398,0.016752,0.023441,-0.047041,0.03051,16,0
4,30,-0.0055617,-0.031544,-0.023855,-0.00081805,0.068219,-14,0
22,1,-0.044262,-0.00012981,0.021555,-0.042069,-0.023544,-6,0
9,3,-0.013866,-0.0068087,0.018326,0.043235,-0.072578,12,0
30,5,0.066243,0.012172,0.00076245,0.00048581,0.015579,-19,0
23,4,0.029781,0.01925,0.022792,0.0020246,-0.071748,17,0
7,6,-0.052461,-0.0066609,-0.036755,0.0017051,-0.06536,-11,0
17,8,0.0068774,0.00096906,-0.01788,-0.048303,-0.025869,-3,0
24,10,-0.023325,0.022186,-0.014214,-0.019122,0.012193,-10,0
12,13,-0.026227,-0.011209,-0.013636,0.012382,-0.023176,7,0
26,14,-0.018721,-0.0076508,-0.023362,0.017872,-0.08718,1,0
29,18,0.0025778,0.019561,0.0265,0.017588,-0.0025339,24,0
21,19,0.0087519,-0.0086276,0.039485,-0.044636,0.071526,5,0
15,25,-0.0051897,0.028333,-0.013487,-0.032694,-0.011779,-15,0
11,27,0.043393,-0.0026203,-0.068811,-0.02176,-0.0041033,-17,0
4,5,0.026748,-0.021453,-0.01602,0.016122,0.102,-6,0
28,6,0.012227,0.019353,0.019514,-0.01279,-7.2676e-05,-6,0
25,7,-0.0068089,-0.013353,0.090944,0.012322,0.038216,-6,0
12,8,-0.044168,-0.021483,0.016862,-0.013361,-0.064745,-3,0
30,11,0.0066413,0.035415,0.045976,0.0071824,-0.030209,-16,0
27,13,-0.035397,-0.020063,0.02487,0.063063,-0.0013395,-3,0
1,16,-0.021127,0.013875,-0.01555,0.0371,-0.012093,-3,0
2,17,-0.043323,0.024131,0.021344,0.089016,0.010158,-4,0
22,20,-0.057925,0.0038434,-0.033524,0.02633,0.014753,24,0
10,21,0.008181,0.020652,-0.051771,0.061839,-0.059994,4,0
3,23,-0.013625,-0.0082213,-0.061032,-0.051518,0.041987,-26,0
26,24,0.022355,-0.028051,-0.0016121,0.049711,-0.053313,-3,0
14,29,-0.031497,-0.0022854,-0.016368,-0.0017588,-0.0074584,-7,0
16,1,0.02282,-0.011709,0.023355,-0.040534,0.022548,29,0
23,9,0.03077,0.015569,0.0020256,0.010962,-0.0043413,7,0
27,14,-0.021661,-0.031469,0.068719,0.01219,-0.031112,-10,0
15,19,-0.0066169,0.0059578,0.040275,0.0083724,0.012119,-28,0
7,22,0.063913,-0.014399,-0.055961,0.010066,-0.0046325,-5,0
2,28,-0.045683,0.0086762,-0.020921,-0.013914,0.015384,-18,0
30,6,-0.013961,0.037304,-0.014813,-0.0334,-0.037319,-4,0
18,8,-0.02348,-0.0039464,-0.046814,0.013778,-0.0049857,-4,0
25,11,-0.026278,0.0023981,0.049645,0.0035248,-0.015538,-2,0
10,12,0.011517,0.01685,-0.05329,0.02737,-0.015568,-20,0
3,17,-0.018663,0.0046729,-0.02809,0.044768,0.011743,8,0
13,29,-0.0094256,-0.0089126,0.016827,-0.046118,-0.010975,-22,0
5,2,-0.011411,-0.0092803,0.027509,-0.012291,-0.062849,-7,0
7,9,-0.0049392,-7.5023e-05,-0.063736,-0.0045018,-0.039254,-7,0
18,14,-0.019137,-0.020773,0.001486,0.010049,-0.0047324,17,0
26,15,-0.010326,-0.014491,-0.036863,0.068494,-0.0341,1,0
16,20,0.028721,0.006748,-0.038071,0.016234,0.029439,-24,0
4,22,0.030682,0.0055573,0.019051,-0.0016645,0.12679,37,0
6,23,-0.0060435,-0.015552,0.0064781,-0.0011283,0.061149,-2,0
19,24,0.04309,-0.022747,0.0046342,0.0085257,-0.016774,19,0
12,28,-0.023482,-0.0057531,0.033573,-0.055767,0,-19,0
1,30,-0.045088,-0.0053237,-0.038054,0.014563,-0.018111,6,0
3,5,0.067343,-0.0064636,-0.078866,-0.032156,0.056162,28,0
19,10,0.0055535,0.00052962,0.014314,0.021559,0.0014494,6,0
21,11,-0.036501,0.0038041,0.1071,-0.031389,0.016517,6,0
8,13,0.0060513,-0.009947,0.00020299,0.014939,0.008639,19,0
17,20,0.038644,-0.0029172,-0.023774,-0.062201,0.057084,13,0
25,27,0.0083555,0.0044341,-0.032381,-0.017753,-0.024576,-11,0
1,2,-0.020906,0.0003999,-0.018446,0.015259,-0.071589,6,0
12,4,-0.01304,-0.011593,0.013578,-0.038829,-0.11295,6,0
29,14,0.024125,-0.0031371,0.014042,0.021615,-0.0060314,15,0
9,15,0.032041,-0.035062,-0.0096798,0.02602,0.022421,-13,0
7,23,-0.045414,-0.01239,-0.055998,-0.00018032,-0.033555,-12,0
10,24,0.039346,-0.011381,-0.0026144,0.00256,-0.02049,17,0
22,28,-0.090604,-0.016476,-0.00018454,-0.017506,-0.010288,-11,0
5,3,-0.064417,0.0070711,0.075916,0.032234,-0.051974,-9,0
25,8,-0.049517,-0.007435,0.0011371,0.030749,-0.052344,-6,0
28,9,0.014697,0.014604,-0.029384,0.026402,-0.017534,10,0
19,13,0.0062718,-0.0011772,-0.060815,0.032568,-0.068812,13,0
21,16,-0.034967,-0.004998,0.11082,-0.013784,0.051668,22,0
22,17,-0.077972,-0.0035717,0.00059492,0.084433,-0.050948,-16,0
15,18,0.0029976,0.033939,0.015958,-0.025741,-0.071112,-19,0
6,20,0.05445,-0.0024176,-0.017818,0.038747,0.088339,14,0
26,27,-0.022456,0.01721,-0.057346,0.019389,-0.092882,-13,0
23,1,0.048178,-0.020042,0.045455,0.014485,0.034202,8,0
24,7,-0.026376,0.02685,0.046482,-0.035628,0.03211,27,0
4,12,0.021624,0.015302,-0.0069341,0.03985,0.12227,26,0
11,14,0.01756,-0.01852,-0.041029,0.003582,-0.041576,6,0
10,29,-0.015019,-0.0076376,-0.024487,-0.0019077,-0.058193,-40,0
2,30,0.0040093,-0.001536,-0.014329,-0.0075517,0.050399,-12,0
3,2,0.032236,-0.013356,-0.06275,-0.00087146,-0.033794,-13,0
9,5,0.035506,-0.032181,-0.0079825,-0.014827,0.026783,32,0
20,6,-0.035947,0.0018285,0.0029127,-0.041858,-0.094036,12,0
14,13,-0.011605,0.01057,-0.051122,0.025411,0.019179,15,0
28,16,0.034876,-0.012529,0.030741,0.064934,-0.03401,-7,0
8,18,0.047635,0.010989,0.022944,-0.049158,-0.0064972,-6,0
27,19,-0.02224,-0.021778,0.052974,0.020829,0.05732,-24,0
15,21,0.01438,0.029893,-0.051347,-0.031912,-0.093043,-14,0
30,22,0.06648,0.037042,0.016278,0.0061975,0.012319,-9,0
17,23,-0.024282,-0.012499,-0.0022831,-0.067077,0.029288,-35,0
29,25,0.089879,0.017361,-0.020333,-0.0085109,0.031695,-9,0
11,26,0.044213,-0.0021594,-0.047263,-0.038481,0.06869,-13,0
